0.0125000000087 0.0125000000442 0.0125000000467 0.0125000002562 0.0125000000622 0.0125 0.0125000000993 0.0125 0.0125000000048 0.0125000000194 0.0125000000635 0.0125 0.0125 0.0125000003383 0.0125 0.762499999008 0.0125000000224 0.0125 0.0125000000074 0.0125000000188 
0.00833333333333 0.00833333334026 0.00833333334097 0.510806822873 0.00833333333333 0.008333333412 0.00833333334218 0.00833333333333 0.00833333333333 0.00833333333333 0.00833333333333 0.00833333333333 0.00833333333438 0.00833333334134 0.00833333333333 0.0083333333415 0.00833333334022 0.00833333333333 0.00833333333333 0.339193177001 
0.00714285718817 0.0071428572314 0.864285712348 0.00714285724521 0.00714285718314 0.00714285722093 0.00714285731224 0.00714285718745 0.00714285716676 0.00714285735313 0.00714285722053 0.00714285716602 0.00714285715511 0.00714285718967 0.00714285724916 0.00714285730222 0.00714285714286 0.0071428571909 0.00714285776038 0.00714285718705 
0.00833333350764 0.00833333356813 0.00833333341665 0.00833333335854 0.00833333333663 0.340463292281 0.00833333341534 0.00833333390286 0.00833333333683 0.00833333334721 0.00833333344135 0.00833333340724 0.00833333333334 0.00833333342325 0.00833333333333 0.509536705885 0.00833333343286 0.00833333333333 0.00833333353126 0.00833333340853 
0.00833333333334 0.00833333337486 0.841666666563 0.00833333333333 0.00833333333573 0.00833333333333 0.00833333333585 0.00833333333333 0.00833333333333 0.00833333333333 0.00833333333333 0.00833333333333 0.00833333333333 0.00833333338322 0.00833333333333 0.00833333333333 0.00833333333933 0.00833333333463 0.00833333333333 0.00833333333333 
0.00833333334289 0.190627398116 0.00833333349834 0.00833333335181 0.00833333333517 0.00833333333333 0.00833333342273 0.00833333338058 0.00833333334594 0.00833333334291 0.00833333335216 0.00833333333333 0.00833333334487 0.00833333335506 0.00833333333333 0.659372601193 0.00833333338503 0.00833333353668 0.00833333334095 0.00833333335573 
0.0125 0.012500000141 0.0125000009215 0.0125000000531 0.0125 0.0125 0.0125 0.0125000002606 0.0125000000786 0.0125 0.0125000001299 0.0125 0.0125000000664 0.0125 0.0125 0.0125000002856 0.762499998061 0.0125 0.0125000000028 0.0125 
0.408101898716 0.0100000001522 0.0100000001616 0.0100000001567 0.0100000000763 0.010000000061 0.01 0.209999999537 0.0100000002984 0.0100000001505 0.0100000000225 0.0100000000379 0.01 0.0100000001355 0.0100000002513 0.0100000000637 0.211898100013 0.010000000068 0.0100000000374 0.0100000000608 
0.0062500000036 0.00625000001861 0.00625000002607 0.00625000004322 0.00625 0.00625000001006 0.881249999547 0.00625 0.00625000004626 0.00625000002852 0.00625000000849 0.0062500000109 0.00625000000895 0.00625000012431 0.00625000003081 0.00625000000343 0.00625000003353 0.0062500000474 0.00625000000124 0.00625000000777 
0.00833333335626 0.00833333333815 0.00833333334572 0.00833333337782 0.00833333334319 0.00833333338609 0.00833333333334 0.00833333333345 0.00833333335765 0.00833333338472 0.00833333340172 0.00833333335536 0.00833333333338 0.0083333334499 0.00833333333333 0.00833333373145 0.669883894265 0.180116104828 0.00833333336175 0.00833333338292 
0.05 0.05 0.05 0.05 0.05 0.05 0.05 0.05 0.05 0.05 0.05 0.05 0.05 0.05 0.05 0.05 0.05 0.05 0.05 0.05 
0.0100000001057 0.0100000000068 0.0100000001574 0.0100000000631 0.010000000014 0.01 0.01 0.0100000001412 0.0100000000785 0.0100000000729 0.0100000001159 0.0100000002151 0.0100000000001 0.0100000002289 0.01 0.0100000005481 0.0100000000839 0.01 0.0100000001873 0.809999997981 
0.0166666666667 0.0166666666667 0.0166666666667 0.683333333333 0.0166666666667 0.0166666666667 0.0166666666667 0.0166666666667 0.0166666666667 0.0166666666667 0.0166666666667 0.0166666666667 0.0166666666667 0.0166666666667 0.0166666666667 0.0166666666667 0.0166666666667 0.0166666666667 0.0166666666667 0.0166666666667 
0.0125 0.0125 0.0125 0.0125000000941 0.762499999389 0.0125000000976 0.0125 0.0125000001136 0.0125000000973 0.0125 0.0125 0.0125 0.0125000001099 0.0125 0.0125 0.0125 0.0125 0.0125 0.0125000000989 0.0125 
0.0166666666667 0.0166666666667 0.0166666666667 0.0166666666667 0.0166666669641 0.0166666666667 0.0166666666667 0.0166666666667 0.0166666666667 0.0166666666667 0.0166666666667 0.0166666666667 0.0166666666667 0.0166666666667 0.0166666666667 0.0166666666667 0.0166666666667 0.683333333036 0.0166666666667 0.0166666666667 
0.00555555560959 0.00555555561396 0.00555555557518 0.00555555556264 0.00555555563825 0.00555555562827 0.00555555558201 0.00555555556943 0.00555555558268 0.00555555558589 0.00555555624456 0.00555555558192 0.00555555555561 0.0055555555877 0.00555555555556 0.894444442943 0.0055555555711 0.00555555555558 0.00555555558514 0.00555555587231 
0.00625000006705 0.00625000024834 0.00625000002014 0.256250062584 0.00625000004128 0.0062500000351 0.631249936417 0.00625000011274 0.00625000010361 0.00625000000446 0.00625000001389 0.00625000000732 0.00625000004525 0.00625000000288 0.00625000003572 0.00625000008329 0.0062500000051 0.00625000004969 0.00625000007593 0.00625000004698 
0.00714285714286 0.00714285714452 0.00714285714959 0.00714285727345 0.00714285739163 0.00714285717835 0.00714285714498 0.00714285715188 0.00714285720316 0.00714285719988 0.00714285717772 0.00714285721937 0.00714285715187 0.00714285722007 0.00714285717912 0.0071428571562 0.00714285714451 0.00714285725468 0.00714285716005 0.864285713356 
0.01 0.0100000000877 0.0100000000786 0.010000000033 0.0100000001048 0.0100000000568 0.0100000000064 0.01 0.0100000000761 0.01 0.01 0.01 0.0100000000008 0.0100000000058 0.209999999055 0.010000000006 0.010000000005 0.0100000000408 0.0100000004128 0.610000000031 
0.0050000000032 0.00500000002147 0.0050000000961 0.0050000000165 0.0050000000189 0.00500000009687 0.00500000003369 0.00500000000989 0.00500000001005 0.00500000003559 0.00500000000896 0.00500000013346 0.00500000005394 0.00500000002603 0.904999999332 0.00500000001568 0.00500000000622 0.00500000001911 0.00500000005948 0.00500000000308 
0.0125 0.0125000004156 0.0125 0.0125 0.0125000001358 0.0125000004583 0.0125 0.0125000001261 0.0125 0.0125 0.0125 0.0125 0.762499997985 0.0125 0.0125000002833 0.0125 0.0125 0.0125 0.0125000005954 0.0125 
0.00714285723308 0.00714285718221 0.00714285714654 0.00714285720671 0.00714285727882 0.00714285716919 0.00714285714286 0.00714285714714 0.0071428573541 0.00714285714286 0.0071428571903 0.00714285714789 0.00714285716712 0.0071428575212 0.00714285714286 0.00714285715792 0.00714285716894 0.864285713063 0.00714285720413 0.00714285723291 
0.00625000014205 0.148268398245 0.00625000002439 0.00625000010132 0.00625 0.00625000002041 0.00625 0.00625000000344 0.00625000000027 0.00625000001716 0.00625000000613 0.00625000000999 0.00625000000629 0.00625000002991 0.00625000001663 0.00625000004782 0.739231601315 0.00625000001007 0.00625000000066 0.00625000000316 
0.0125000000144 0.0125000000531 0.0125000000737 0.0125000002381 0.0125000000282 0.0125000004813 0.0125 0.501292507583 0.0125000000074 0.0125000000731 0.0125 0.0125 0.0125 0.0125 0.0125 0.0125 0.273707491363 0.0125000000621 0.0125000000232 0.0125 
0.0100000000145 0.0100000000847 0.0100000001001 0.222977471953 0.0100000000086 0.0100000000583 0.0100000000419 0.0100000001085 0.0100000000224 0.01 0.0100000000049 0.01 0.0100000000016 0.0100000000716 0.0100000000505 0.0100000000245 0.597022527388 0.010000000051 0.0100000000115 0.0100000000047 
0.00714285721475 0.00714285714717 0.00714285716208 0.0071428571547 0.00714285739986 0.00714285714289 0.00714285714286 0.00714285714286 0.00714285714286 0.00714285719251 0.00714285719119 0.00714285724132 0.00714285736102 0.00714285737824 0.00714285735531 0.00714285715528 0.00714285729919 0.00714285714286 0.0071428573038 0.864285712729 
0.01 0.01000000027 0.0100000000705 0.010000000068 0.0100000000882 0.01 0.01 0.0100000000819 0.809999997161 0.0100000001982 0.01 0.0100000002499 0.01 0.0100000000737 0.0100000002385 0.0100000000711 0.0100000010973 0.010000000332 0.01 0.01 
0.00714285714286 0.00714285722548 0.00714285715049 0.00714285714298 0.00714285714286 0.864285713966 0.007142857189 0.00714285714286 0.00714285714286 0.00714285716836 0.00714285714286 0.00714285714286 0.00714285714288 0.00714285715086 0.00714285714286 0.00714285715102 0.00714285714974 0.00714285714286 0.00714285714286 0.00714285727706 
0.01 0.0100000002045 0.0100000001519 0.010000000197 0.0100000000483 0.0100000000328 0.0100000007472 0.0100000000086 0.01 0.0100000004377 0.0100000000288 0.0100000001446 0.0100000000415 0.0100000000126 0.0100000000681 0.809999997223 0.01 0.0100000000084 0.010000000067 0.0100000005778 
0.00625 0.0062500000237 0.00625000003637 0.00625000006242 0.0062500000655 0.00625000001641 0.00625000007858 0.00625000003041 0.812382506272 0.0062500001508 0.00625000002794 0.00625000010217 0.00625000015057 0.00625 0.00625000008937 0.00625000002639 0.00625000002362 0.00625000003007 0.0751174927223 0.00625000009102 
0.00714285719068 0.00714285732496 0.00714285724923 0.00714285724093 0.00714285714286 0.22790662931 0.00714285730103 0.00714285717964 0.00714285714286 0.00714285719057 0.0071428571473 0.00714285714286 0.643521940456 0.0071428571908 0.00714285726705 0.00714285751674 0.00714285718237 0.00714285723548 0.00714285723223 0.00714285735682 
0.00555555556971 0.00555555556116 0.00555555565082 0.00555555563501 0.00555555563154 0.00555555557391 0.00555555561099 0.00555555555556 0.894444443446 0.00555555559742 0.00555555567089 0.00555555570873 0.00555555558246 0.00555555555556 0.00555555565114 0.00555555555556 0.00555555560977 0.00555555560172 0.00555555557373 0.00555555565823 
0.557785672189 0.0100000000699 0.262214326376 0.0100000002006 0.01 0.010000000158 0.0100000000666 0.0100000000934 0.0100000001033 0.0100000003087 0.01 0.01 0.0100000000167 0.01 0.01 0.0100000000049 0.010000000203 0.01 0.0100000000714 0.0100000001379 
0.00625000055694 0.00625000000154 0.0062500000578 0.00625000007395 0.00625 0.00625000002713 0.00625000001034 0.00625000000329 0.881249998915 0.00625000001193 0.00625000000953 0.00625000002001 0.00625000005837 0.00625000003147 0.00625000000628 0.00625 0.00625000002162 0.00625000002497 0.00625000006918 0.00625000010113 
0.0062500000111 0.00625 0.881249999106 0.00625000002657 0.00625000002988 0.00625000004776 0.00625000014369 0.0062500000107 0.00625000005386 0.00625000001891 0.00625 0.00625000004333 0.00625 0.00625 0.0062500000466 0.00625000039956 0.00625000002549 0.00625 0.00625000001046 0.00625000002606 
0.00833333334236 0.841666666119 0.0083333333652 0.00833333335629 0.00833333333868 0.00833333333333 0.00833333339421 0.00833333334542 0.00833333338528 0.00833333333333 0.00833333345128 0.00833333333333 0.00833333333433 0.00833333334675 0.0083333333531 0.00833333334348 0.00833333346653 0.00833333336509 0.00833333335682 0.00833333333627 
0.401581860852 0.00833333364818 0.00833333337244 0.00833333337122 0.00833333342418 0.00833333363986 0.00833333333333 0.00833333343548 0.00833333341306 0.00833333336978 0.00833333333333 0.00833333334251 0.00833333349719 0.00833333337669 0.44841813746 0.00833333333333 0.00833333339283 0.00833333342726 0.00833333364387 0.00833333333333 
0.8642857128 0.00714285718682 0.00714285714651 0.00714285719862 0.00714285716276 0.00714285714286 0.0071428571753 0.00714285714286 0.00714285795908 0.00714285716646 0.00714285718538 0.00714285716168 0.00714285718288 0.0071428571523 0.00714285714286 0.00714285716023 0.00714285717456 0.00714285715951 0.0071428571732 0.00714285742566 
0.00714285714286 0.00714285717975 0.00714285714286 0.00714285714286 0.00714285714286 0.00714285714286 0.00714285714286 0.00714285719016 0.00714285715851 0.864285714093 0.0071428571596 0.00714285714286 0.0071428571605 0.00714285714286 0.00714285714286 0.00714285718387 0.00714285714286 0.00714285716036 0.00714285714286 0.00714285714286 
0.00833333338068 0.00833333333617 0.00833333341211 0.00833333334867 0.00833333336149 0.00833333333397 0.00833333333333 0.00833333334708 0.00833333339007 0.673529604309 0.00833333337737 0.00833333343997 0.00833333336487 0.00833333333372 0.0083333333585 0.0083333334814 0.00833333352211 0.00833333333334 0.00833333340791 0.176470394828 
0.0125 0.0125 0.0125 0.0125 0.762499999849 0.0125 0.0125 0.0125 0.0125 0.0125 0.0125 0.0125000000515 0.0125000000351 0.0125000000331 0.0125 0.0125 0.0125 0.0125 0.0125000000308 0.0125 
0.00833333333333 0.0083333333749 0.841666660544 0.00833333333333 0.00833333333333 0.00833333333333 0.00833333333333 0.00833333333333 0.00833333333333 0.00833333336965 0.00833333333333 0.00833333333333 0.00833333333333 0.00833333350592 0.00833333333333 0.008333333573 0.00833333333333 0.00833333343566 0.00833333333333 0.00833333886343 
0.05 0.05 0.05 0.05 0.05 0.05 0.05 0.05 0.05 0.05 0.05 0.05 0.05 0.05 0.05 0.05 0.05 0.05 0.05 0.05 
0.00625000000397 0.881249999281 0.00625000007507 0.00625000000984 0.00625000000217 0.00625000007782 0.00625000002645 0.00625000036934 0.00625 0.00625 0.00625000001057 0.00625000000137 0.00625000000201 0.00625000004956 0.00625 0.00625000001745 0.00625000001266 0.00625000000429 0.00625000001618 0.00625000003977 
0.00714285716791 0.00714285739157 0.00714285719254 0.00714285716194 0.00714285717112 0.864285713218 0.00714285731254 0.00714285728285 0.00714285714286 0.00714285716005 0.0071428571457 0.00714285718222 0.00714285714608 0.00714285716499 0.00714285714286 0.00714285720611 0.00714285716028 0.00714285722722 0.00714285716116 0.0071428572619 
0.00714285719569 0.00714285728818 0.00714285724101 0.00714285723954 0.198288460128 0.00714285729903 0.492982401231 0.00714285715674 0.00714285720165 0.187300566143 0.00714285720052 0.00714285715882 0.00714285714502 0.0071428571947 0.00714285715163 0.0071428571698 0.00714285730759 0.00714285721728 0.00714285715988 0.00714285717118 
0.0100000000243 0.0100000001346 0.0100000001092 0.0100000000407 0.0100000000144 0.01 0.809999999164 0.01 0.0100000000605 0.0100000000186 0.0100000000476 0.01 0.0100000000027 0.0100000000361 0.0100000000064 0.0100000000273 0.0100000001911 0.0100000000855 0.0100000000292 0.0100000000079 
0.00833333334305 0.00833333358405 0.00833333347153 0.00833333333333 0.00833333338965 0.0083333335352 0.00833333346766 0.00833333349176 0.00833333333333 0.00833333333333 0.00833333333333 0.00833333334047 0.00833333336206 0.00833333341614 0.00833333333333 0.00833333340732 0.00833333334713 0.00833333333915 0.00833333335703 0.841666665481 
0.0166666668932 0.683333331905 0.0166666666667 0.0166666666669 0.0166666667546 0.0166666667326 0.0166666669411 0.0166666666857 0.0166666666854 0.0166666666667 0.0166666666667 0.0166666666667 0.0166666667655 0.016666666789 0.0166666666871 0.0166666667817 0.0166666667185 0.0166666667305 0.0166666666667 0.0166666669302 
0.025 0.025 0.025 0.025 0.025 0.025 0.025 0.025 0.025 0.025 0.025 0.025 0.025 0.025 0.025 0.025 0.025 0.025 0.525 0.025 
0.00833333334446 0.00833333333941 0.00833333361529 0.00833333333799 0.0083333333449 0.00833333335134 0.00833333336886 0.00833333333333 0.00833333343307 0.00833333374053 0.00833333346953 0.841666665029 0.00833333338722 0.00833333337102 0.00833333358889 0.00833333336976 0.0083333333645 0.00833333343269 0.00833333333333 0.00833333344445 
0.00714285714409 0.435713843518 0.00714285740726 0.00714285714492 0.00714285714286 0.00714285726151 0.0071428573001 0.00714285715569 0.435714726483 0.00714285723571 0.00714285717444 0.00714285722678 0.00714285718284 0.00714285714294 0.00714285728818 0.00714285727539 0.00714285739416 0.00714285714287 0.00714285723286 0.00714285714593 
0.00833333342797 0.00833333339228 0.00833333355234 0.00833333339583 0.00833333334566 0.00833333334807 0.00833333333814 0.00833333333333 0.00833333348809 0.841666665063 0.00833333336259 0.0083333334462 0.00833333334714 0.00833333337998 0.00833333386962 0.00833333342012 0.00833333342548 0.00833333334679 0.00833333336937 0.00833333334838 
0.00833333337617 0.00833333345108 0.00833333342411 0.00833333346564 0.841666665271 0.00833333333333 0.00833333343258 0.00833333333333 0.00833333356796 0.00833333352154 0.00833333338304 0.00833333333333 0.00833333337968 0.00833333340568 0.00833333334468 0.00833333333333 0.00833333333333 0.00833333351367 0.00833333337043 0.00833333342564 
0.0125 0.0125000000262 0.0125000000289 0.0125000000005 0.0125000000589 0.762499999087 0.0125000000335 0.0125 0.0125 0.0125 0.0125 0.0125 0.0125000000001 0.0125000000796 0.0125 0.0125000000309 0.0125000000686 0.0125 0.0125 0.0125000005853 
0.00714285718486 0.00714285719584 0.00714285717971 0.00714285716036 0.00714285715474 0.00714285714286 0.00714285774143 0.00714285717009 0.00714285715318 0.00714285714286 0.00714285715188 0.00714285716371 0.00714285715224 0.00714285715921 0.00714285714792 0.00714285716474 0.428626659481 0.0071428571796 0.00714285714876 0.442801911025 
0.00714285714481 0.00714285740265 0.00714285732741 0.00714285730545 0.00714285714489 0.00714285723128 0.00714285868581 0.00714285715126 0.00714285716718 0.0071428576566 0.0071428571745 0.00714285716917 0.00714285714513 0.00714285715161 0.86428571117 0.00714285722004 0.00714285714442 0.00714285716594 0.00714285717288 0.00714285726892 
0.00833333333333 0.00833333336372 0.00833333350835 0.00833333341704 0.00833333337525 0.00833333333333 0.00833333333333 0.00833333359771 0.00833333336676 0.00833333340207 0.00833333336909 0.841666665735 0.00833333338554 0.00833333336836 0.00833333337705 0.00833333333333 0.00833333336357 0.0083333333707 0.00833333333333 0.00833333333333 
0.006250000085 0.00625000004764 0.00625000007162 0.00625000009891 0.00625000005154 0.00625000027944 0.00625000011888 0.390233065221 0.00625000006904 0.00625000010003 0.00625000008387 0.00625000002823 0.00625000000022 0.00625000017569 0.00625000003932 0.0062500003172 0.00625000012693 0.00625000002456 0.00625000004543 0.497266933016 
0.00833333338855 0.00833333333333 0.00833333334137 0.00833333337749 0.00833333333333 0.841666666342 0.0083333333538 0.00833333335387 0.00833333333333 0.00833333333333 0.00833333335219 0.00833333333333 0.00833333334669 0.00833333341638 0.0083333333564 0.00833333333333 0.00833333333333 0.00833333335305 0.00833333335184 0.00833333333333 
0.00833333333333 0.0083333336824 0.0083333334283 0.00833333342679 0.841666662135 0.00833333333388 0.00833333352299 0.00833333360257 0.00833333372143 0.00833333340933 0.00833333337242 0.00833333343642 0.00833333361112 0.00833333477354 0.00833333361157 0.00833333344401 0.00833333369802 0.00833333352958 0.00833333358844 0.00833333333891 
0.0125000000808 0.0125000000906 0.0125000000615 0.76249999803 0.0125000002833 0.0125000006182 0.0125 0.0125 0.0125 0.012500000228 0.0125000000588 0.0125000000098 0.0125000000051 0.0125000000358 0.0125000000147 0.0125000003235 0.0125000000306 0.0125000000121 0.0125 0.0125000001175 
0.0100000000469 0.01 0.809999998658 0.01 0.0100000000243 0.0100000001737 0.0100000001009 0.01000000001 0.0100000000393 0.01 0.0100000006079 0.01 0.0100000000216 0.0100000000565 0.0100000000165 0.01000000002 0.0100000000296 0.0100000001151 0.0100000000802 0.01 
0.00625000003714 0.881249999363 0.0062500000045 0.00625000001123 0.00625000001457 0.00625000001733 0.0062500000513 0.00625000006738 0.00625 0.00625000001052 0.00625000002811 0.00625000000615 0.00625 0.00625000005507 0.00625000020105 0.00625000002656 0.00625 0.00625000002937 0.00625000007715 0.00625 
0.00625000000611 0.00625000001942 0.00625000013353 0.00625000003426 0.00625 0.00625000017681 0.00625000002479 0.00625 0.00625000003472 0.00625000005171 0.00625000011853 0.00625 0.00625000002233 0.00625000005882 0.00625000008549 0.00625 0.00625000003604 0.881249999125 0.00625000007254 0.00625 
0.0062500000596 0.00625000068853 0.00625000004953 0.0062500002017 0.881249998459 0.00625 0.00625000008409 0.00625000002306 0.00625000014889 0.00625000001512 0.00625000011923 0.00625 0.00625 0.00625 0.00625000002491 0.00625 0.00625000001723 0.00625000008987 0.00625000001935 0.00625 
0.00625000010601 0.00625000000001 0.00625000008425 0.0062500001049 0.00625000005172 0.00625000017508 0.00625000012995 0.437689130548 0.199809188444 0.00625000009618 0.00625000003237 0.00625000003445 0.00625000001646 0.00625000004666 0.00625000003089 0.00625000004892 0.256251679961 0.00625000002713 0.00625000000145 0.00625000006046 
0.010000000116 0.010000000256 0.0100000001689 0.0100000000827 0.0100000001352 0.0100000001056 0.0100000000495 0.0100000001639 0.010000000022 0.56504642321 0.0100000003543 0.0100000002224 0.0100000000711 0.0100000003964 0.01 0.0100000002611 0.254953573593 0.0100000000249 0.0100000007066 0.0100000000605 
0.05 0.05 0.05 0.05 0.05 0.05 0.05 0.05 0.05 0.05 0.05 0.05 0.05 0.05 0.05 0.05 0.05 0.05 0.05 0.05 
0.00833333333333 0.841666664082 0.00833333335294 0.00833333335761 0.00833333334031 0.00833333338389 0.00833333333333 0.00833333339232 0.00833333336962 0.00833333337336 0.00833333339324 0.00833333351816 0.00833333347383 0.00833333340281 0.00833333333333 0.00833333333333 0.00833333335526 0.00833333513059 0.00833333338483 0.00833333335605 
0.01 0.0100000002794 0.010000000146 0.809999997893 0.0100000001826 0.01 0.01 0.0100000001696 0.0100000000728 0.0100000000578 0.01 0.0100000003632 0.01 0.0100000000763 0.0100000003421 0.0100000000736 0.01 0.0100000003436 0.01 0.01 
0.025 0.025 0.025 0.025000000165 0.025 0.524999999484 0.025 0.025 0.025 0.0250000000299 0.025 0.025000000086 0.025 0.025 0.025 0.025 0.025000000165 0.0250000000696 0.025 0.025 
0.01 0.0100000000079 0.01 0.0100000000118 0.01 0.01 0.0100000000924 0.01 0.0100000000046 0.0100000000093 0.01 0.01 0.0100000000292 0.01 0.01 0.01 0.809999999798 0.0100000000473 0.01 0.01 
0.116666666655 0.00555555561128 0.00555555557367 0.00555555557932 0.0055555555938 0.0055555555799 0.00555555559832 0.00555555557137 0.00555555563703 0.00555555557567 0.00555555561201 0.00555555560477 0.0055555555841 0.00555555559855 0.00555555557298 0.399565832779 0.00555555555556 0.00555555557332 0.389323055532 0.00555555561174 
0.0100000000092 0.0100000000098 0.809999999219 0.0100000000075 0.0100000000096 0.01 0.01 0.01 0.0100000001262 0.0100000000356 0.01 0.010000000074 0.0100000000107 0.01 0.0100000001521 0.0100000000477 0.0100000001214 0.0100000000303 0.010000000147 0.01 
0.0100000000368 0.0100000001974 0.0100000000906 0.0100000000238 0.0100000000523 0.0100000000257 0.244970470898 0.0100000000533 0.0100000000746 0.0100000000001 0.0100000003028 0.0100000000633 0.0100000000247 0.0100000001499 0.0100000000501 0.0100000000557 0.575029527555 0.0100000000497 0.0100000002912 0.0100000000046 
0.00833333336737 0.00833333338599 0.00833333339474 0.00833333353889 0.00833333333333 0.00833333333333 0.00833333340035 0.00833333340056 0.00833333333333 0.841666664196 0.0083333334059 0.00833333341244 0.00833333333333 0.00833333339413 0.00833333365203 0.0083333336124 0.00833333342942 0.00833333346241 0.00833333410648 0.00833333350716 
0.175 0.00833333499628 0.00833333333333 0.00833333333333 0.00833333333333 0.00833333338557 0.00833333345104 0.00833333333333 0.00833333349492 0.00833333333333 0.00833333333333 0.00833333334672 0.674999997904 0.00833333333333 0.0083333333451 0.00833333333333 0.00833333341027 0.00833333333333 0.00833333333333 0.00833333333333 
0.0100000001005 0.0100000000585 0.0100000000539 0.0100000000846 0.0100000000238 0.010000000014 0.0100000000665 0.0100000001098 0.0100000000207 0.0100000000489 0.0100000000868 0.0100000000343 0.0100000000125 0.0100000000698 0.0100000000273 0.010000000015 0.496280320717 0.01 0.323719678442 0.0100000000136 
0.01 0.0100000000549 0.0100000002136 0.01 0.01 0.0100000002114 0.0100000001019 0.0100000000634 0.01 0.01 0.0100000000249 0.0100000000661 0.01 0.01 0.809999999155 0.0100000000544 0.01 0.01 0.0100000000546 0.01 
0.05 0.05 0.05 0.05 0.05 0.05 0.05 0.05 0.05 0.05 0.05 0.05 0.05 0.05 0.05 0.05 0.05 0.05 0.05 0.05 
0.00833333338357 0.00833333333333 0.00833333344146 0.00833333333333 0.00833333338551 0.00833333344454 0.00833333333333 0.00833333333333 0.00833333337497 0.00833333333333 0.841666665031 0.00833333357397 0.00833333363213 0.00833333344629 0.00833333344377 0.00833333337538 0.00833333342972 0.00833333352965 0.00833333333333 0.00833333350839 
0.00555555556495 0.894444443295 0.00555555555682 0.00555555561082 0.0055555556161 0.00555555556086 0.00555555617789 0.0055555555629 0.0055555555963 0.00555555561308 0.00555555555619 0.00555555563164 0.00555555555642 0.00555555556777 0.00555555555836 0.0055555555858 0.0055555555704 0.0055555556528 0.00555555560245 0.00555555556374 
0.00625000008256 0.00625000002298 0.0062500000495 0.00625 0.881249998627 0.00625000003818 0.00625000000854 0.00625000005749 0.00625000007035 0.00625000003014 0.00625000012367 0.0062500001778 0.00625000020426 0.00625000005171 0.00625000004983 0.00625000011973 0.00625000007922 0.00625000011116 0.0062500000387 0.00625000005735 
0.01 0.0100000000078 0.0100000000117 0.0100000001944 0.0100000000591 0.0100000011389 0.01 0.01 0.0100000000829 0.0100000000919 0.0100000000461 0.01000000006 0.0100000000097 0.0100000000819 0.0100000000911 0.0100000000407 0.01 0.0100000002456 0.010000000009 0.809999997829 
0.00833333338863 0.00833333337497 0.00833333352719 0.00833333337759 0.00833333339077 0.00833333361457 0.00833333333333 0.00833333333333 0.841666664427 0.00833333364812 0.00833333338233 0.00833333380069 0.00833333338496 0.00833333333333 0.00833333345316 0.00833333333333 0.00833333341619 0.00833333333333 0.00833333345392 0.00833333369333 
0.0125000000471 0.0125000000295 0.0125000000372 0.317351420724 0.0125000002406 0.0125000004064 0.0125000000307 0.0125000000625 0.0125 0.0125000000024 0.0125000000359 0.0125000000026 0.0125000001155 0.0125000001654 0.0125 0.457648577842 0.0125000000336 0.0125 0.0125000002245 0.0125 
0.00500000016234 0.0050000001902 0.00500000001123 0.00500000001629 0.00500000017679 0.00500000004732 0.00500000008573 0.00500000004741 0.00500000003164 0.00500000001551 0.00500000001659 0.005 0.00500000009615 0.00500000010682 0.90499999873 0.00500000004156 0.00500000006377 0.00500000005832 0.005 0.00500000010216 
0.0100000000034 0.01 0.215169362906 0.01 0.0100000000053 0.0100000004997 0.010000000091 0.0100000000044 0.0100000000638 0.010000000036 0.0100000001156 0.0100000000345 0.210303769149 0.0100000001538 0.01 0.01 0.0100000001186 0.0100000000226 0.0100000000681 0.404526866729 
0.00625000000327 0.00625000010394 0.0062500000123 0.73988941628 0.00625000016618 0.00625000015517 0.00625 0.00625000010278 0.00625 0.00625 0.00625000001238 0.00625000000364 0.00625000000498 0.00625000001701 0.00625000008129 0.00625000017399 0.00625 0.00625000000001 0.147610582846 0.00625000003725 
0.0100000000074 0.0100000000034 0.0100000000492 0.0100000000233 0.01 0.0100000000008 0.01 0.0100000000044 0.0100000000001 0.809999999716 0.0100000000115 0.0100000000223 0.0100000000089 0.01 0.0100000000001 0.010000000116 0.01 0.0100000000164 0.0100000000161 0.0100000000036 
0.00625 0.00625000004808 0.00625 0.00625 0.00625000006633 0.00625000009521 0.00625 0.00625000007973 0.00625 0.00625000002099 0.0062500001194 0.00625 0.00625000002981 0.00625000341054 0.00625000003459 0.00625000006928 0.881249995899 0.00625 0.0062500000965 0.00625000003072 
0.00833333337633 0.00833333333333 0.00833333337916 0.00833333337749 0.00833333347597 0.841666665954 0.00833333334634 0.00833333335276 0.00833333333333 0.00833333335946 0.00833333341455 0.00833333333333 0.00833333334251 0.00833333336783 0.00833333333333 0.00833333334122 0.00833333333333 0.00833333338939 0.00833333337939 0.00833333347657 
0.05 0.05 0.05 0.05 0.05 0.05 0.05 0.05 0.05 0.05 0.05 0.05 0.05 0.05 0.05 0.05 0.05 0.05 0.05 0.05 
0.00555555581035 0.00555555560193 0.00555555556453 0.0055555555749 0.0055555556022 0.00555555560077 0.00555555559732 0.00555555556208 0.894444443199 0.00555555562562 0.00555555570362 0.00555555559531 0.00555555571814 0.00555555559419 0.00555555567172 0.00555555560203 0.00555555561934 0.00555555558883 0.00555555558546 0.00555555558292 
0.01 0.01 0.01 0.0100000000525 0.01 0.0100000000544 0.01 0.01 0.809999999723 0.01 0.0100000000581 0.01 0.01 0.0100000000569 0.01 0.0100000000549 0.01 0.01 0.01 0.01 
0.0166666667679 0.0166666666667 0.0166666667507 0.0166666668089 0.016666667858 0.349999998349 0.0166666666667 0.0166666666667 0.0166666666667 0.0166666666667 0.0166666667277 0.0166666666711 0.0166666666667 0.0166666666667 0.0166666666667 0.0166666669738 0.349999999759 0.0166666666667 0.0166666666667 0.0166666666667 
0.00714285720662 0.00714285715266 0.00714285781805 0.00714285720377 0.00714285717771 0.00714285727232 0.00714285726027 0.00714285716468 0.864285712022 0.00714285721806 0.00714285719776 0.0071428572756 0.00714285740836 0.00714285735704 0.00714285730543 0.00714285714286 0.00714285722577 0.00714285715159 0.00714285717559 0.00714285726425 
0.00833333333333 0.00833333336726 0.00833333337078 0.841666665517 0.00833333338014 0.00833333335167 0.00833333333333 0.00833333344599 0.00833333343007 0.00833333333333 0.00833333333333 0.00833333338448 0.00833333335395 0.008333333383 0.00833333380333 0.00833333333333 0.00833333333333 0.00833333340739 0.0083333334712 0.00833333333333 
0.00833333334858 0.00833333434791 0.00833333334213 0.00833333340956 0.0083333334048 0.00833333352138 0.00833333346351 0.00833333333333 0.00833333334211 0.485634853335 0.00833333334271 0.00833333333333 0.00833333342358 0.00833333339414 0.00833333339493 0.00833333333333 0.0083333335205 0.00833333340145 0.364365144675 0.00833333333333 
0.05 0.05 0.05 0.05 0.05 0.05 0.05 0.05 0.05 0.05 0.05 0.05 0.05 0.05 0.05 0.05 0.05 0.05 0.05 0.05 
0.00833333341266 0.00833333333333 0.00833333337001 0.841666665779 0.00833333339279 0.00833333333333 0.0083333333758 0.00833333333333 0.00833333333333 0.00833333334785 0.00833333338405 0.00833333373426 0.00833333338677 0.0083333333525 0.00833333339535 0.00833333338125 0.00833333333333 0.00833333333333 0.00833333333333 0.00833333335458 
0.00714285714286 0.00714285714286 0.00714285714286 0.00714285717427 0.00714285714286 0.00714285714286 0.00714285715223 0.00714285714286 0.864285713968 0.00714285715234 0.00714285714286 0.00714285718747 0.00714285719773 0.00714285714286 0.00714285716871 0.00714285719911 0.0071428571814 0.00714285714286 0.00714285715196 0.00714285718144 
0.00714285714286 0.00714285715099 0.00714285717367 0.00714285714286 0.00714285714286 0.00714285714286 0.00714285714286 0.00714285714286 0.00714285714286 0.00714285715442 0.00714285714382 0.00714285715444 0.00714285732465 0.864285714018 0.00714285714286 0.00714285716128 0.00714285714286 0.00714285714286 0.00714285714694 0.00714285714286 
0.334321533629 0.00714285714542 0.00714285723181 0.00714285716484 0.00714285715446 0.00714285714344 0.00714285714286 0.0071428571462 0.00714285714291 0.537107037339 0.00714285716057 0.00714285716352 0.00714285714954 0.00714285714311 0.00714285717896 0.00714285728285 0.00714285720115 0.00714285715532 0.00714285717935 0.00714285714567 
0.0062500000038 0.00625000008236 0.00625 0.006250000009 0.00625000001298 0.508146001636 0.00625 0.00625000000385 0.00625000000006 0.379353998144 0.00625000000995 0.00625000000357 0.00625000001937 0.00625 0.00625000001363 0.00625 0.00625 0.00625 0.00625000005843 0.00625000000313 
0.00714286009744 0.00714285717076 0.00714285725141 0.00714285728244 0.00714285714397 0.00714285725033 0.00714285724996 0.00714285714378 0.00714285721777 0.00714285719344 0.00714285717035 0.00714285716545 0.00714285718224 0.864285710456 0.00714285715605 0.00714285719472 0.00714285718441 0.00714285715616 0.00714285715713 0.0071428571759 
0.683333326662 0.0166666671126 0.0166666670327 0.0166666670106 0.0166666666667 0.0166666668264 0.0166666691069 0.0166666666667 0.0166666670227 0.0166666666667 0.0166666666667 0.0166666671552 0.0166666666667 0.0166666680316 0.016666666953 0.0166666666667 0.0166666666667 0.0166666670865 0.0166666666667 0.0166666666667 
0.841666665419 0.00833333336782 0.00833333337137 0.00833333338212 0.00833333338304 0.00833333333333 0.00833333337737 0.00833333349125 0.00833333336448 0.00833333336534 0.00833333338957 0.00833333335596 0.00833333338815 0.00833333333333 0.00833333333333 0.00833333353019 0.00833333340049 0.0083333333497 0.00833333337187 0.00833333369184 
0.0100000000661 0.01 0.0100000000975 0.01 0.01 0.809999999291 0.01000000002 0.0100000000298 0.01 0.0100000000401 0.0100000000497 0.01 0.0100000000141 0.010000000053 0.0100000000918 0.0100000000121 0.01 0.0100000000785 0.010000000142 0.0100000000139 
0.00833333340587 0.00833333338801 0.00833333333333 0.0083333333401 0.00833333333333 0.00833333333383 0.00833333333333 0.00833333333623 0.0083333333913 0.841666666011 0.00833333362949 0.00833333333602 0.00833333333913 0.00833333333333 0.00833333333341 0.00833333348452 0.00833333333333 0.00833333333333 0.00833333333528 0.00833333333568 
0.00833333334412 0.00833333333333 0.00833333333336 0.84166666553 0.00833333375526 0.00833333345629 0.00833333340569 0.00833333338922 0.00833333334843 0.00833333339155 0.00833333333333 0.00833333349953 0.00833333333333 0.00833333333333 0.00833333333333 0.00833333333691 0.00833333334224 0.00833333339149 0.00833333333692 0.00833333347253 
0.00555555591603 0.00555555556235 0.00555555564742 0.00555555563489 0.00555555555556 0.00555555569096 0.894444442714 0.00555555569778 0.00555555564711 0.00555555570606 0.00555555565115 0.00555555558471 0.00555555566209 0.00555555572233 0.00555555557633 0.00555555558277 0.00555555557894 0.00555555558334 0.00555555565088 0.00555555563496 
0.012500000076 0.0125 0.0125000000002 0.0125000004266 0.0125000003931 0.0125000003022 0.762499997778 0.0125000003938 0.0125000001064 0.0125000004102 0.0125 0.0125 0.0125 0.0125 0.0125 0.0125000000252 0.0125000000628 0.0125 0.0125000000253 0.0125 
0.010000000039 0.01 0.809999998909 0.0100000000476 0.01 0.01 0.0100000000815 0.0100000001949 0.0100000000166 0.0100000000525 0.0100000000302 0.0100000003097 0.0100000000187 0.0100000000003 0.0100000001135 0.0100000000796 0.0100000000653 0.01 0.0100000000413 0.01 
0.05 0.05 0.05 0.05 0.05 0.05 0.05 0.05 0.05 0.05 0.05 0.05 0.05 0.05 0.05 0.05 0.05 0.05 0.05 0.05 
0.0100000001452 0.0100000003309 0.0100000000619 0.351714654764 0.0100000000017 0.468285342791 0.0100000003884 0.0100000000284 0.010000000021 0.0100000003438 0.010000000034 0.0100000000768 0.0100000000002 0.0100000001042 0.01 0.0100000000562 0.0100000000712 0.0100000002889 0.0100000001216 0.0100000003704 
0.0100000000738 0.01 0.01 0.01 0.01 0.01 0.01 0.01 0.01 0.01 0.01 0.01 0.01 0.01 0.0100000000821 0.01 0.01 0.01 0.01 0.809999999844 
0.00625000002205 0.00625000005553 0.00625000002363 0.00625000028034 0.00625000015133 0.00625000004506 0.00625 0.00625 0.00625000004488 0.00625000006053 0.00625000009272 0.00625 0.00625000001954 0.00625000019135 0.881249998564 0.00625000016815 0.00625 0.00625 0.00625000003581 0.00625000024484 
0.00625000001229 0.00625000000284 0.00625 0.00625 0.00625 0.00625 0.00625000002122 0.00625 0.00625 0.00625000001451 0.00625000001955 0.00625 0.00625000386054 0.00625 0.881249995876 0.00625000004175 0.00625000011872 0.00625000001139 0.00625 0.00625000002124 
0.00714285717297 0.00714285726264 0.0071428572261 0.00714285724217 0.00714285714723 0.007142857153 0.131975701021 0.00714285714632 0.00714285715015 0.00714285731915 0.00714285714632 0.00714285714286 0.00714285714609 0.00714285715444 0.00714285715614 0.0071428571795 0.568772154728 0.0071428571688 0.00714285715572 0.177823572181 
0.00714285719545 0.00714285730495 0.00714285730705 0.00714285721123 0.00714285714286 0.435714284678 0.00714285719145 0.00714285764503 0.00714285717558 0.00714285714286 0.00714285714871 0.00714285716499 0.00714285714671 0.00714285716447 0.435714285242 0.00714285717042 0.00714285734145 0.00714285728301 0.00714285720166 0.00714285714286 
0.05 0.05 0.05 0.05 0.05 0.05 0.05 0.05 0.05 0.05 0.05 0.05 0.05 0.05 0.05 0.05 0.05 0.05 0.05 0.05 
0.00714285717652 0.00714285718931 0.594892279286 0.00714285720007 0.00714285714286 0.00714285714345 0.00714285715 0.00714285714286 0.00714285714286 0.0071428571956 0.276536291885 0.00714285714801 0.00714285714928 0.00714285714769 0.00714285714286 0.00714285714829 0.00714285715995 0.00714285716384 0.00714285714286 0.00714285714286 
0.00714285714286 0.00714285716776 0.00714285720449 0.00714285715842 0.00714285721644 0.0071428571597 0.519553118477 0.0071428572101 0.00714285715958 0.154374032196 0.00714285716065 0.00714285715684 0.00714285721656 0.0071428572229 0.0071428571502 0.00714285716208 0.00714285717712 0.204644277325 0.00714285717844 0.00714285715792 
0.00714285714286 0.00714285788449 0.00714285718021 0.864285711103 0.00714285715169 0.00714285736801 0.00714285776566 0.00714285714286 0.00714285714286 0.00714285715445 0.00714285714457 0.00714285725428 0.00714285715189 0.00714285732772 0.00714285714673 0.00714285755489 0.00714285723353 0.00714285762476 0.00714285718254 0.00714285734251 
0.00625000005691 0.00625000007504 0.00625000002614 0.00625000001293 0.00625000004653 0.00625000001851 0.881249999447 0.00625000000475 0.00625000000924 0.00625000002031 0.00625000000522 0.00625000001874 0.00625000002329 0.00625000005239 0.00625000001549 0.0062500000922 0.0062500000122 0.00625000002073 0.00625000000567 0.00625000003689 
0.0100000001615 0.0100000000035 0.0100000003314 0.0100000003228 0.0100000000177 0.0100000000459 0.0100000000029 0.0100000001933 0.01 0.0100000000375 0.346225678279 0.0100000000083 0.0100000000258 0.01 0.01 0.0100000000082 0.010000000177 0.473774320331 0.0100000000445 0.0100000000103 
0.00714285716222 0.442527343075 0.00714285714286 0.00714285715285 0.00714285716524 0.00714285721914 0.00714285745067 0.00714285714713 0.00714285714292 0.428901227647 0.00714285715391 0.00714285714683 0.00714285725645 0.00714285714286 0.00714285716631 0.00714285714286 0.0071428571542 0.00714285714286 0.00714285724265 0.0071428571465 
0.00833333349568 0.00833333333333 0.00833333339879 0.0083333334454 0.00833333338638 0.00833333353723 0.00833333350121 0.84166666549 0.00833333340095 0.00833333341645 0.00833333337621 0.00833333336416 0.00833333337766 0.00833333333333 0.00833333340714 0.00833333333333 0.00833333333333 0.00833333335166 0.00833333333333 0.00833333338442 
0.025 0.025 0.025 0.025 0.025 0.025 0.025 0.025 0.025 0.025 0.025 0.025 0.025 0.0250000004134 0.025 0.524999999587 0.025 0.025 0.025 0.025 
0.00625000000783 0.00625000002987 0.00625000002761 0.00625000006196 0.00625000006966 0.00625000003506 0.00625000009085 0.00625000008195 0.00625000005462 0.00625000000391 0.361528803357 0.00625000005969 0.00625000012341 0.00625 0.00625000003425 0.00625000027354 0.00625000000587 0.00625000014116 0.525971195468 0.00625000007341 
0.0125000000573 0.0125 0.0125000001124 0.0125000000278 0.0125000000221 0.762499999164 0.0125000001061 0.0125000000696 0.0125 0.0125000000651 0.0125 0.0125000000546 0.0125000000046 0.0125 0.0125 0.0125 0.0125000000797 0.0125000000091 0.012500000131 0.0125000000962 
0.00833333333333 0.00833333333337 0.00833333333333 0.00833333337557 0.00833333335448 0.00833333333333 0.00833333333333 0.00833333335297 0.00833333337704 0.00833333333333 0.00833333353071 0.00833333333333 0.00833333333333 0.841666665891 0.00833333373602 0.00833333333333 0.00833333333333 0.0083333333822 0.00833333333333 0.00833333333333 
0.00625000011599 0.00625000017253 0.00625000013913 0.00625000007394 0.00625000000355 0.00625000005509 0.00625000017273 0.0062500000249 0.00625000006649 0.00625000004616 0.00625000005266 0.00625000028335 0.88124999807 0.00625000006421 0.00625000010327 0.00625000002142 0.0062500000401 0.00625000010832 0.00625000032836 0.00625000005743 
0.00555555556074 0.00555555559425 0.00555555555556 0.00555555556839 0.00555555555556 0.894444440297 0.00555555566851 0.00555555573221 0.00555555559235 0.00555555555556 0.00555555558475 0.0055555556103 0.00555555569288 0.00555555562386 0.00555555561795 0.00555555560262 0.00555555555646 0.00555555563413 0.00555555880323 0.00555555559378 
0.00625 0.00625000001727 0.00625000000715 0.00625000000708 0.00625000000894 0.00625000012732 0.00625000003494 0.0062500000083 0.00625000001848 0.881249999552 0.00625 0.00625000000977 0.00625000000826 0.00625 0.00625 0.00625000003042 0.00625000001717 0.00625000012892 0.00625000001493 0.00625000000943 
