0.192981670153 0.000877439834635 0.000877469717425 0.000877416940457 0.000877413689715 0.000877386321213 0.300207894455 0.000877389673525 0.368834612851 0.132711306365 
2.79714171195e-05 0.00480730328191 9.41308109009e-05 2.79722313542e-05 2.79719080997e-05 2.79714248684e-05 2.79715341653e-05 2.79719396073e-05 2.79713677261e-05 0.994902764084 
8.02798520716e-05 0.0497173350968 8.02765136783e-05 0.92955223581 8.02753393218e-05 8.02693126189e-05 8.02718691242e-05 8.02689446799e-05 8.02728021719e-05 0.0201685144595 
0.486897144786 0.000444569144469 0.000444563983739 0.000444524181759 0.000444513057819 0.000444559183266 0.291507331418 0.000444527599837 0.218483718308 0.000444548338254 
8.25978392577e-05 8.25945643689e-05 8.25971012105e-05 8.25925606862e-05 8.25974516932e-05 0.0271261035208 8.25961416338e-05 0.972213128022 8.26013824808e-05 8.2591416004e-05 
0.336257967463 0.66334900581 4.91313686697e-05 4.91276407714e-05 4.91274179352e-05 4.91275773543e-05 4.91271799816e-05 4.91289761585e-05 4.91291523185e-05 4.91274146687e-05 
0.00027254508446 0.000272555745468 0.00027254305564 0.908949852255 0.000272553103998 0.000272550669554 0.000272537719218 0.0888697630549 0.000272552210549 0.000272547100701 
0.000301292075062 0.0142934064569 0.211029622695 0.274279935414 0.189690368784 0.0493541966407 0.260147335008 0.000301284782474 0.000301260827184 0.000301297316985 
0.000156554252354 0.000156536850933 0.048601932166 0.939714434029 0.000156537456488 0.0105878628683 0.000156541778149 0.000156535687077 0.000156543639349 0.000156521272585 
0.202523574378 0.225469676588 0.225871356283 0.0306887823861 5.82868949887e-05 0.0316430198437 0.166014483708 5.82858410916e-05 0.0265058683746 0.091166665702 
0.000314531781756 0.000314530720746 0.000314528560756 0.255403412119 0.000314556002288 0.00109908683122 0.127293674866 0.000314546831604 0.0645412485858 0.550089883701 
0.999503740956 5.51398092236e-05 5.51377460983e-05 5.51378171965e-05 5.5140005583e-05 5.51419039578e-05 5.51402388613e-05 5.51403904057e-05 5.51441490793e-05 5.51369838671e-05 
0.999439489142 6.22772196106e-05 6.22752515003e-05 6.22798203198e-05 6.22810542956e-05 6.22778123286e-05 6.22814589573e-05 6.22792292169e-05 6.22814680992e-05 6.2277543654e-05 
0.214552969683 0.0397457340666 0.0352140830278 0.000117951191281 0.000117952902741 0.000117956381299 0.000117957459215 0.000117951548163 0.70977949199 0.000117951750192 
0.260939055752 7.77188835852e-05 7.77158206066e-05 0.406188751963 7.77195256615e-05 7.77168366756e-05 0.313856792764 0.0140143073092 0.00461250313483 7.77180107433e-05 
3.84233906636e-05 3.84254146044e-05 0.00978699903842 0.278152463648 0.0454226500425 0.0201561485602 3.84260162562e-05 0.646289614233 3.84243138769e-05 3.84253425893e-05 
0.963553255445 5.39486121199e-05 5.39497043228e-05 5.39491782019e-05 5.39486025455e-05 5.39495358623e-05 0.0030985657162 5.39475872553e-05 0.0329705349491 5.39506691396e-05 
0.000326850277996 0.316331772267 0.0147001425647 0.0182685813443 0.000326876468177 0.281929518677 0.000326913019454 0.367135607223 0.000326860184901 0.00032687797292 
0.000102900806783 0.000102899346041 0.000102902166697 0.198647028314 0.0380672898466 0.000102903838369 0.000102910688283 0.000102907068132 0.000102902955622 0.76256535497 
0.27851061396 0.000425627302362 0.0194082191685 0.00042560818977 0.000425610020893 0.000425609003586 0.023148312107 0.000425627587033 0.0645671796638 0.612237592997 
0.0114730822269 0.0590320463051 1.21681715993e-05 0.855972326324 1.21688089828e-05 1.2167707449e-05 1.21682379999e-05 1.21679079841e-05 1.21683754062e-05 0.0734495359351 
8.64500702803e-05 8.64476798608e-05 8.64467334014e-05 0.846880569019 0.108791517233 8.64539921041e-05 8.64561238784e-05 0.0214671219365 0.0223420808551 8.64563568736e-05 
6.1740820454e-05 6.17430225906e-05 0.000853493061475 0.405324579903 6.17432429036e-05 6.17419929025e-05 6.17430995536e-05 6.17465507368e-05 6.17431441107e-05 0.593389725162 
0.000336792238347 0.000336788586953 0.379703279771 0.202991747394 0.000336785598633 0.000336776709711 0.000336775003326 0.000336760898864 0.000336747500343 0.414947546299 
1.19118165934e-05 0.907167717118 0.01307245551 1.19122803033e-05 1.19118296345e-05 1.19122299783e-05 0.00598756908724 1.19124376952e-05 4.0216718494e-05 0.0736724809724 
0.0506243963566 0.855225341061 7.54357567173e-05 0.0770762111264 7.54327928311e-05 7.54367852505e-05 0.0166214398246 7.54366705441e-05 7.54361341212e-05 7.54334915498e-05 
0.3367258675 0.000289935399327 0.000289943753492 0.000289917974328 0.000289926151322 0.528443934329 0.00947009460557 0.000289935647234 0.123620530728 0.000289913911318 
0.839273458646 6.69023650617e-05 0.0619572422938 6.69024679916e-05 6.69096851938e-05 6.69058345826e-05 0.0512957813439 6.69058716579e-05 0.0470720907627 6.69007290016e-05 
0.00787939299117 0.00073546674828 0.463346547762 0.195896092625 0.123125958455 0.000735448161048 0.206074816722 0.000735434512165 0.000735434213995 0.000735407808792 
0.999385967544 6.822798498e-05 6.82282481094e-05 6.82272777922e-05 6.82282918021e-05 6.82249110316e-05 6.82246376423e-05 6.8223663585e-05 6.82230299024e-05 6.82244115632e-05 
0.0496500399401 0.000300318505327 0.000148395385942 0.862575298333 0.000148394196445 0.000148390967437 0.000148394465207 0.000148400689461 0.000148402572635 0.0865839649445 
0.000202054995994 0.084936378978 0.000202065852936 0.731389447148 0.000202077299729 0.000202075155303 0.000202067894523 0.18225971021 0.000202057141827 0.000202065324026 
0.000320579555736 0.000320579315093 0.000320542708152 0.000320581364998 0.166117272375 0.000320579747722 0.831318130768 0.00032056918824 0.000320590615747 0.000320574361099 
8.82048469271e-05 8.82050713564e-05 8.8203002113e-05 0.960688228295 8.82017364556e-05 0.0386061520786 8.81999737465e-05 8.81998299693e-05 8.8201566507e-05 8.82035997608e-05 
2.79714148295e-05 0.0050196167636 5.39575074104e-05 2.79722304321e-05 2.79719072673e-05 2.79714241381e-05 2.79715336024e-05 2.79719381875e-05 2.79713670777e-05 0.994730623913 
0.246470696818 0.000369060578887 0.400250877875 0.000369071998891 0.000369053732755 0.000369096658564 0.000369089243063 0.000369089318814 0.350694864111 0.000369099664778 
0.999439488483 6.22772196136e-05 6.22752515027e-05 6.22798203236e-05 6.22810542998e-05 6.22778123317e-05 6.22824513616e-05 6.22792292205e-05 6.22811343159e-05 6.2277543657e-05 
0.493701346575 0.000101345349075 0.000101342918643 0.000101339515539 0.0725542310903 0.247304141043 0.000101343858979 0.0522075875457 0.133725981605 0.000101340498911 
0.922236311544 0.0768289024868 0.00011684871492 0.000116850112195 0.000116844916518 0.000116841965718 0.000116849973266 0.000116848786562 0.000116843999647 0.000116857500383 
0.999305405923 7.71776712228e-05 7.71790345992e-05 7.7176241232e-05 7.71784327139e-05 7.71773002028e-05 7.71770245e-05 7.71734196897e-05 7.71741883113e-05 7.7180764397e-05 
1.51144501323e-05 1.51130832238e-05 1.51122158825e-05 1.51131213246e-05 1.51128320091e-05 1.51122366585e-05 1.51126705196e-05 0.999863984149 1.51127918545e-05 1.51124492028e-05 
0.000103652415809 0.000103652028272 0.000103648496941 0.000103655730806 0.0217721888279 0.902137613651 0.0112772787963 0.0641910062339 0.000103653331313 0.000103650488016 
0.959089391391 0.000122273978309 0.000122264968111 0.000122262931969 0.000122265922762 0.000122265305821 0.000122266778917 0.00012226922801 0.000122268258124 0.0399324712365 
4.88342276163e-05 4.88370980132e-05 4.88413354513e-05 0.06502580754 4.88411982245e-05 4.88401249749e-05 0.00194371720883 0.93268860645 4.88367143467e-05 4.88381028235e-05 
7.75306790902e-05 7.75329575252e-05 0.999302202037 7.75365879542e-05 7.75365210297e-05 7.75347169065e-05 7.75333038414e-05 7.75333728938e-05 7.75296020478e-05 7.75302217157e-05 
2.86044480504e-05 2.86026537332e-05 2.86016519028e-05 0.978328100235 0.0210769084674 2.86042310919e-05 2.86036074986e-05 0.0003947674991 2.86042557016e-05 2.86029509458e-05 
0.000305901300854 0.287405138185 0.000305878524107 0.000305903473141 0.000305868397386 0.000305921438952 0.000305887402682 0.000305862193179 0.710147727008 0.00030591207598 
8.82048469318e-05 8.82050713649e-05 8.82030021168e-05 0.960689673731 8.82017364737e-05 0.038604706642 8.81999737504e-05 8.81998299957e-05 8.82015665132e-05 8.82035997566e-05 
0.000104737443987 0.000104737120125 0.00010473299633 0.000104734554316 0.000104729273786 0.000104733661322 0.000104730768855 0.000104728567367 0.999057404261 0.000104731353007 
0.00013091669311 0.000130923309484 0.000130933770856 0.000130916944575 0.000130916333226 0.000130918040409 0.000130915306894 0.000130915203945 0.000130919498188 0.998821724899 
0.272630462691 0.000709413908863 0.123436667111 0.00070941755491 0.000709450878751 0.022636640058 0.000709446789938 0.198548176815 0.330637356095 0.0492729680984 
0.000120078009464 0.000120070397165 0.000120081769839 0.00012007064494 0.998919303731 0.000120087051844 0.000120076170025 0.00012008025975 0.000120084068512 0.000120067897113 
8.08146517464e-06 0.99992726913 8.08132395787e-06 8.08120486886e-06 8.08129677135e-06 8.08100934697e-06 8.08107538078e-06 8.08108090475e-06 8.08113471372e-06 8.08127875137e-06 
7.10911570649e-05 7.10913894794e-05 0.0961138829097 7.1085505997e-05 7.10876477274e-05 7.10923717648e-05 7.10941703899e-05 7.10909447808e-05 7.1091973129e-05 0.90331739193 
0.11098690822 0.0102305153067 0.000102062932343 0.00010206729969 0.000102062509143 0.000102068117939 0.000102063406834 0.000102060656533 0.874159727994 0.00401046355708 
0.000132648908434 0.36536951453 0.000132650417888 0.067468918697 0.000132658917656 0.000132664788559 0.00013265243187 0.000132659594681 0.000132657316536 0.566232974397 
0.298148658001 0.00109919767373 0.255018257537 0.00109909446284 0.00109912155028 0.00109921797684 0.0454081366514 0.00109908346777 0.394830094948 0.00109913773092 
0.576236079592 0.146866091124 0.000387696139387 0.000387705875296 0.000387677770213 0.000387686867595 0.000387698906096 0.000387676406327 0.147177132199 0.12739455512 
0.0496205243592 0.000329285179708 0.000148395386161 0.862574482227 0.000148394196915 0.000148390967966 0.000148394466222 0.000148400689863 0.000148402573486 0.0865853299537 
0.000140879311389 0.000140869346112 0.000140892659632 0.00014087051052 0.000140872381353 0.000140879389565 0.000140880123862 0.000140874818686 0.998732112976 0.000140868482579 
0.298988416522 0.0110891274101 0.000625100154324 0.000625105772059 0.000625144474992 0.123586438082 0.000625134288104 0.338877874655 0.000625156521398 0.224332502121 
0.000253218288437 0.0547622213859 0.000253226768527 0.00025324337856 0.000253228595213 0.000253243491952 0.000253219140618 0.000253231419453 0.000253232767725 0.943211934764 
9.43626530215e-05 9.43678792646e-05 9.43633753468e-05 9.43657641252e-05 0.0417010914199 9.43673719007e-05 9.43650916184e-05 0.0147948614834 9.4364048457e-05 0.942843490913 
0.000179571921513 0.000179565764155 0.000179559533642 0.000179576611078 0.000179568364645 0.000179566567796 0.000179575622081 0.000179578415168 0.000179594657091 0.998383842543 
0.948018955741 0.0214441572109 0.0135063971954 0.000161328945763 0.000161331777097 0.000161320838185 0.000161340113692 0.000161317906237 0.000161324272594 0.0160625259994 
0.000392229103267 0.000392264166274 0.00039222862066 0.000392279257296 0.000392244480539 0.000392235774291 0.000392234086225 0.000392257125381 0.000392237340076 0.996469790046 
1.34801520961e-05 1.34797220378e-05 1.34795601993e-05 1.3480323374e-05 1.34795620765e-05 1.34796022253e-05 1.34799872627e-05 1.34796221233e-05 0.000245965082178 0.999646196386 
6.35445067573e-05 0.801852791536 0.000555219944918 0.140835406703 6.35498012627e-05 0.01764565381 6.35495981264e-05 6.35476014939e-05 6.35503985392e-05 0.0387931861002 
1.28369540546e-05 1.28365587454e-05 1.28370091416e-05 1.28363144312e-05 1.28359328291e-05 1.28362360961e-05 0.999884472008 1.28364807569e-05 1.2836449975e-05 1.28360556918e-05 
0.553599800255 0.00025005609133 0.252912642203 0.112714794718 0.000250075597044 0.000250065348497 0.0601520970569 0.000250070764322 0.0193703492337 0.000250048732915 
0.443980248529 0.216021667033 0.117613700105 4.59015127403e-05 4.59020206171e-05 4.5904647968e-05 0.222108964159 4.59034288953e-05 4.59049008542e-05 4.59036631273e-05 
0.000129221845115 0.000129220644091 0.0021608900065 0.829956170083 0.000129236126769 0.0987075471485 0.0684000418211 0.000129228116413 0.000129223465274 0.000129220742908 
0.430796058826 0.000340240575961 0.166509553881 0.00034021563278 0.000340205817341 0.000340225769557 0.227699042619 0.000340196465536 0.172954026806 0.000340233607107 
0.000106968044152 0.000106968760707 0.000106975524889 0.000106976734168 0.000106978744628 0.999037238061 0.000106975928037 0.000106976968318 0.000106972393175 0.000106968841109 
0.177833919774 0.00156306172485 0.00156292038905 0.00156288654508 0.0745953759571 0.00156284112067 0.00156281282614 0.00156271472578 0.736630580732 0.00156288620464 
3.4443876493e-05 3.44428887007e-05 3.44421729746e-05 3.44439807051e-05 3.44421785948e-05 3.44432045128e-05 0.999690009742 3.44437311585e-05 3.44459101132e-05 3.44423144604e-05 
6.69024915434e-05 6.69009310843e-05 6.69040753153e-05 6.69084180755e-05 6.69076918329e-05 0.247286930799 0.000742972570615 0.751501763958 6.69058518393e-05 6.69032119571e-05 
0.000159275260108 0.083465062733 0.692736773134 0.00015927752981 0.000159274215859 0.000159280037952 0.206622709069 0.000159275318704 0.0162198026586 0.000159270042881 
0.368322937539 0.000144956453032 0.630517416685 0.000144950131957 0.000144947692989 0.000144956825097 0.000144959021085 0.000144954990093 0.000144965872242 0.000144954789232 
6.74019461184e-05 0.783123382652 0.00770657863662 0.0467164885071 6.74026262887e-05 0.0549234192096 6.74048637557e-05 0.084634058273 6.80378312659e-05 0.0226258254546 
0.000609956127035 0.000609850438809 0.000609825043443 0.903246747803 0.000609856464955 0.000609818069134 0.000609847443508 0.000609866183828 0.0918743928515 0.00060983957428 
0.000704317594173 0.000704322306441 0.00070437897463 0.000704279412005 0.000704326269465 0.993661092578 0.000704293193581 0.000704412430128 0.00070430808343 0.000704269158002 
0.000162631281831 0.000162633021424 0.000162618781203 0.000162632208166 0.000162630346063 0.000162623883826 0.000162634816437 0.000162634482754 0.998536335441 0.000162625736817 
0.999957811039 4.68763817979e-06 4.68780288643e-06 4.68767038409e-06 4.68778520916e-06 4.6876256829e-06 4.68768812663e-06 4.68754397607e-06 4.68759044646e-06 4.68761624167e-06 
0.000225794051957 0.000225782065063 0.935547535304 0.00022577524106 0.0626462693729 0.000225768108054 0.000225775194032 0.000225772228074 0.000225766127326 0.00022576230781 
0.000163436471485 0.000163432436967 0.000163434138788 0.000163442404944 0.000163436051694 0.042679102646 0.95601340541 0.000163439006127 0.000163437490138 0.000163433943627 
0.0234216345746 9.46358871261e-05 0.0522360688973 9.46284785984e-05 9.46297508016e-05 0.150739630098 0.0439726953686 9.46302115911e-05 0.729156804807 9.46419260615e-05 
0.000147301101197 0.998674252339 0.000147303549912 0.000147306131904 0.000147306542753 0.000147304171936 0.000147302602603 0.000147305784802 0.000147305420907 0.000147312354565 
0.0402512886793 6.0545907203e-05 6.05429925572e-05 0.0709717494879 6.05481297322e-05 6.05476943582e-05 6.05448878208e-05 0.888353139013 6.05461808146e-05 6.05470274636e-05 
8.93138804352e-06 8.93155121835e-06 9.10972168851e-06 0.985951737373 8.93166568478e-06 0.007330772903 0.00590475237633 0.00075897016297 8.93157455395e-06 8.93128359457e-06 
9.80787167281e-06 9.80795765346e-06 9.80834604091e-06 0.00101050283907 0.0105936537153 0.0733884232277 0.236205706711 0.643586956098 0.0351755251437 9.80808969663e-06 
0.000124554613176 0.000124556046513 0.000124556900418 0.000124562338006 0.000124564178927 0.285760862058 0.000124567274406 0.713242652277 0.000124565107352 0.000124559206232 
0.997799130688 0.000244552800256 0.000244542820415 0.000244526394769 0.00024452067984 0.00024452745843 0.000244536534362 0.000244544576489 0.000244570261748 0.000244547785562 
0.0394123180291 0.0170752549576 0.144753613492 9.72998138129e-05 9.72954388045e-05 9.73056371383e-05 0.798175016747 9.72958167261e-05 9.72987582809e-05 9.73013095936e-05 
8.95455514425e-05 8.95477643581e-05 0.133330418819 8.95448988929e-05 8.95445695372e-05 0.796265558123 8.95500259211e-05 8.95475721216e-05 0.0517242875107 0.0181424551653 
0.260787641598 7.77188813017e-05 7.77158198199e-05 0.405851154116 7.77195201729e-05 7.77168287306e-05 0.31332135484 0.0142929579469 0.00535830244585 7.77180032338e-05 
0.00016263128189 0.000162633021501 0.000162618781233 0.000162632214811 0.000162630346115 0.000162623883865 0.00016263636271 0.000162636321355 0.99853633205 0.00016262573686 
6.0802979721e-05 6.08009501717e-05 6.08028168624e-05 6.08002410654e-05 6.08054344729e-05 6.0805323146e-05 6.08095021239e-05 6.08033911718e-05 0.999452769575 6.07997858211e-05 
0.118514927116 0.000503916097907 8.79702046426e-06 8.79687191513e-06 8.79712360379e-06 8.79701810648e-06 8.79727318125e-06 0.88045083343 0.000477540820396 8.79722867359e-06 
0.754740151574 0.0184935200804 8.42636690264e-05 0.0211069051589 8.42609388796e-05 8.42613963766e-05 8.42623959779e-05 0.205153849541 8.42631704536e-05 8.42620746261e-05 
5.08472901189e-05 5.08475016982e-05 5.08486580099e-05 5.08506566664e-05 5.08501704418e-05 5.08560952655e-05 5.08519139082e-05 5.08493675161e-05 0.999542350435 5.08479117036e-05 
0.391216908949 0.00283846554333 1.30240068282e-05 0.00901422856254 0.0227544669112 0.10043340868 0.0673590950136 0.344420151598 0.058024707874 0.00392554286069 
2.8604449185e-05 2.86026544007e-05 2.86016522574e-05 0.97837825846 0.0211171577777 2.86042317e-05 2.86036078004e-05 0.000304359958204 2.86042568862e-05 2.8602951386e-05 
2.56373366261e-06 2.56376488166e-06 0.999976926234 2.56382901751e-06 2.56378498166e-06 2.56373542866e-06 2.56377499143e-06 2.56374262745e-06 2.56369283773e-06 2.56370712991e-06 
7.60676141839e-05 7.60642808318e-05 7.60677356471e-05 0.457942027366 0.283384178749 0.0871597887952 0.00644762194073 7.60660700647e-05 0.108358428924 0.0564036885238 
0.999385964061 6.82314672977e-05 6.82282481325e-05 6.82272778309e-05 6.82282918483e-05 6.82249110494e-05 6.82246376598e-05 6.82236636009e-05 6.82230299174e-05 6.82244115803e-05 
0.614731541994 0.00344866930428 0.00344856189036 0.00344861237364 0.0034485683293 0.00344864387191 0.00344849679984 0.00344858523235 0.357679601897 0.00344871830763 
0.00032685020041 0.31618588181 0.0135829122026 0.0226968704068 0.000326876287543 0.280200174313 0.000326911839757 0.365699785168 0.000326859952109 0.000326877820047 
2.86044468041e-05 2.86026530472e-05 2.86016515247e-05 0.978269503779 0.021075934029 2.86042304177e-05 2.86036071677e-05 0.000454338397842 2.86042547069e-05 2.86029504092e-05 
0.156412314918 0.000295931195668 0.000295941209635 0.000295937116378 0.0890038052359 0.000295936730832 0.000295946223612 0.364959011507 0.387849258176 0.000295917687335 
0.00103116829684 0.377704766268 0.00103108597214 0.252333339832 0.0405094662253 0.00103112447302 0.0010310826607 0.00103125890923 0.00103114221838 0.323265565144 
0.000129565349031 0.000129557552072 0.000129559981148 0.000129566766731 0.496723255319 0.134289223007 0.000129568862736 0.000129565481928 0.368080579442 0.000129558238646 
0.0495823884629 0.000343866121559 0.000148395386442 0.862573366905 0.000148394197199 0.000148390968477 0.000148394467331 0.000148400690927 0.000148402574356 0.0866100002263 
0.999503744399 5.51398088865e-05 5.51377460842e-05 5.51378171822e-05 5.51400055658e-05 5.51419026745e-05 5.51402388438e-05 5.5140390388e-05 5.51407075829e-05 5.51369838539e-05 
0.000229390738027 0.000229391219759 0.000229390106354 0.000229396826123 0.000229394117319 0.997935427315 0.000229419890795 0.000229395478139 0.000229402372333 0.000229391936113 
8.08149195417e-06 0.999927269103 8.0813239579e-06 8.08120486888e-06 8.08129677137e-06 8.08100934699e-06 8.0810753808e-06 8.08108090477e-06 8.08113471374e-06 8.08127875139e-06 
0.00039222910328 0.000392264166294 0.000392228620673 0.000392279752979 0.000392244480554 0.000392235774305 0.000392234086239 0.0003922571254 0.00039223734009 0.99646978955 
0.000146226554665 0.000146220275447 0.000146219566269 0.000146234587114 0.000146228704495 0.00014621736166 0.000146225512408 0.000146227538586 0.998683972506 0.000146227392944 
0.246612211991 6.41592238666e-05 6.4159718089e-05 6.41605372831e-05 0.514198815357 6.41589351161e-05 0.0654566316621 0.0681497878417 0.105261754984 6.41597498898e-05 
0.404336276859 0.363391116669 6.13605382329e-05 6.13631848688e-05 6.13613128414e-05 6.13613739154e-05 6.13624568774e-05 0.231843068477 6.13653854371e-05 6.13637431055e-05 
9.49014380087e-05 9.48994833422e-05 9.48971924832e-05 9.49011071671e-05 9.48992223605e-05 0.960493791394 0.0387470154201 9.49005081876e-05 9.48991185425e-05 9.48951154779e-05 
0.358562536381 0.000469566387647 0.63768098228 0.000469537889618 0.000469539286041 0.000469562808155 0.000469552015248 0.000469571682902 0.000469599675787 0.000469551593554 
9.47226631132e-05 9.47190930409e-05 9.47186359267e-05 0.00074823237523 0.0752118791829 0.0568477870579 0.0179645780109 0.539898909259 0.308949736243 9.47174793336e-05 
0.136068874048 0.000122884356483 0.0720941716167 0.00012287872137 0.0277287973334 0.000122878127338 0.00012287331621 0.000122875482906 0.746665860535 0.0168279064623 
0.0432479939959 3.98835738447e-05 0.00926154860833 0.528372767423 0.00651407602952 0.0423186665793 0.20606355157 3.988386002e-05 0.164101746374 3.98819860804e-05 
4.06763305664e-05 4.06762517369e-05 4.06795365854e-05 0.994170599683 4.06759565408e-05 4.06750613525e-05 0.00550398793678 4.06768649976e-05 4.06773783917e-05 4.06750001324e-05 
0.353138491262 0.411858926503 6.10627499139e-05 0.106763651154 0.072153352815 6.10630553202e-05 6.10673317388e-05 0.0510555263648 6.10677686034e-05 0.00478579099586 
1.30930144807e-05 1.30935287488e-05 1.30934868393e-05 0.999882157531 1.30939659059e-05 1.30933595551e-05 1.30932263333e-05 1.30933266568e-05 1.3093144576e-05 1.30954157821e-05 
0.887740522717 0.000163162185576 0.000163176756468 0.000163168702805 0.00016315966417 0.000163168998841 0.110954125779 0.000163160342067 0.000163175940248 0.000163178913706 
0.971035953723 0.0280154686216 0.000116316862585 0.000116300647536 0.000116304091009 0.000116299733972 0.000116307223883 0.000116302115739 0.000116302073759 0.000134444906853 
0.000140879311725 0.000140869346118 0.000140892661424 0.000140870510527 0.00014087238136 0.000140879491361 0.000140880491795 0.000140874818694 0.998732112504 0.000140868482585 
5.59062494948e-05 5.59074103611e-05 5.59084515721e-05 5.59118148083e-05 5.59094317844e-05 5.59114802034e-05 0.446548582774 0.553004140049 5.59134315687e-05 5.59089070955e-05 
0.304457044635 0.132744896046 0.000102694301748 0.286310038443 0.000102697363246 0.000102693024043 0.0229425463514 0.186834411015 0.000102697876074 0.0663002809437 
7.59483810241e-05 0.418003976385 0.581388436833 7.59474910976e-05 7.59450932163e-05 7.59504904241e-05 7.59494661518e-05 7.59446186302e-05 7.59490688063e-05 7.59521722473e-05 
7.10404309638e-05 7.10423027234e-05 7.10396322569e-05 7.10410649893e-05 0.999360638202 7.10383464776e-05 7.10394721916e-05 7.1037585725e-05 7.10390644127e-05 7.10438980867e-05 
6.48666954752e-05 6.48661859285e-05 6.48633085078e-05 0.999416220928 6.48621383875e-05 6.48643447818e-05 6.4864037482e-05 6.48634276847e-05 6.48654675466e-05 6.48634658246e-05 
0.0126484229813 0.956277453204 4.13115820796e-05 4.13136538471e-05 4.13133126735e-05 4.13138184654e-05 4.13144841208e-05 4.13156686891e-05 0.0307849242352 4.13170596084e-05 
9.02649460061e-05 9.02662207023e-05 0.999187591037 9.02750791253e-05 9.0271539537e-05 9.02685867136e-05 9.02679365422e-05 9.026735976e-05 9.02632839743e-05 9.02640103511e-05 
0.698591950311 0.16620411489 0.000233164239652 0.133562177233 0.000233154879827 0.000233157235266 0.000242799436314 0.000233163175798 0.000233159536519 0.00023315906221 
1.2837002627e-05 1.28365587455e-05 1.28370091523e-05 1.28363144313e-05 1.28359328292e-05 1.28362360961e-05 0.99988447196 1.28364807569e-05 1.28364499751e-05 1.28360556918e-05 
0.000400081491098 0.000400074593483 0.000400068778584 0.852332344191 0.14446690456 0.000400103035811 0.000400081354515 0.00040010035857 0.000400116179609 0.000400125457374 
1.28369783429e-05 1.28365587454e-05 1.28370091419e-05 1.28363144313e-05 1.28359328291e-05 1.28362360961e-05 0.999884471984 1.28364807569e-05 1.28364499751e-05 1.28360556918e-05 
8.0814468618e-06 0.999927269148 8.08132395786e-06 8.08120486884e-06 8.08129677133e-06 8.08100934696e-06 8.08107538077e-06 8.08108090473e-06 8.08113471371e-06 8.08127875135e-06 
0.000671297570902 0.000671282096447 0.000671328105992 0.43186768057 0.000671321697861 0.000671299769964 0.000671251978438 0.000671288206506 0.562761989512 0.000671260491932 
4.43368416227e-05 4.43383412861e-05 4.4334118734e-05 0.848895961396 4.43364357798e-05 4.43353188643e-05 4.43374208391e-05 4.43379304965e-05 4.43368789018e-05 0.150749345317 
0.193746010893 0.0847993633108 0.0573477946349 0.000431104735071 0.000431112791443 0.000431111162538 0.363607687956 0.000431123248421 0.000431131464451 0.298343559803 
0.000139302541972 0.000139304777129 0.000139299565347 0.000139309966428 0.000139302009524 0.000139312987071 0.00013931450976 0.000139304072107 0.998746247625 0.000139301945253 
0.611484569474 0.000476313529284 0.0348507961413 0.000476288361903 0.000476337790377 0.000476284582103 0.231966462087 0.000476312064873 0.118840290511 0.000476345457852 
5.56598989344e-05 5.56633831483e-05 5.56625640036e-05 5.56612502282e-05 5.56617976267e-05 5.56653453023e-05 5.56633011295e-05 5.56608008172e-05 0.999499041981 5.56596774556e-05 
0.329901688183 0.000313545263232 0.146641147102 0.000313542455829 0.000313583381382 0.444327708303 0.000313549765668 0.000313534645649 0.0772481406983 0.000313560201326 
7.10864099325e-05 7.10849857097e-05 7.1087254102e-05 0.930950506556 7.10882383031e-05 0.0684807847298 7.1091946746e-05 7.10900521469e-05 7.10928681928e-05 7.10869591277e-05 
0.29499904026 0.0865121141113 0.131197063599 2.3617389478e-05 2.36179816769e-05 0.064707074574 0.0104929589911 2.36180058407e-05 0.387031705917 0.0249891891705 
0.00600976619579 0.526264824162 0.0451268460556 9.392223557e-05 0.0398958963207 0.0299847995978 0.0550345904418 0.297401515025 9.39190840158e-05 9.3920882183e-05 
0.0250465895754 0.000377442886202 0.000377486396882 0.000377465304351 0.000377453113392 0.000377445804923 0.146964752873 0.542100565426 0.283623319981 0.000377478638804 
0.771475967661 0.00200042167683 0.00200052125156 0.00200029748813 0.00200030983919 0.00200023414189 0.00200031156052 0.00200019511513 0.212521432428 0.00200030883769 
2.89238889227e-05 2.8924182205e-05 2.89235112977e-05 2.89251040781e-05 2.8925255735e-05 2.89263868137e-05 0.999739675812 2.89251519234e-05 2.89261422207e-05 2.89245645083e-05 
0.907325189444 2.79795406793e-05 0.0266823850117 0.0283963877917 0.0207188524628 0.011153333148 0.00561193444579 2.79784247147e-05 2.79797549826e-05 2.79799758624e-05 
4.85801173279e-05 4.85821680916e-05 4.85802931961e-05 0.999562788655 4.85792771349e-05 4.8578192953e-05 4.85770294419e-05 4.85767705612e-05 4.85772502375e-05 4.85802461292e-05 
8.64500693256e-05 8.64476780341e-05 8.64467323686e-05 0.846812457224 0.108748941798 8.64539900999e-05 8.64561250099e-05 0.021630677719 0.0222892123082 8.6456356417e-05 
5.28077552787e-05 5.28068656324e-05 5.28088343339e-05 5.28079220156e-05 0.993527794762 0.00604974251756 5.28084146631e-05 5.28083133269e-05 5.28089092864e-05 5.28057055752e-05 
0.437709566578 0.000125664298763 0.000125664651889 0.000125653453339 0.00012565677894 0.000125667233666 0.257803365129 0.000125661720888 0.0154418402077 0.288291259947 
0.121012723998 0.0432181804948 0.000308699314966 0.313467025203 0.120633020809 0.000308694275641 0.000308710203106 0.400125516901 0.000308711283812 0.000308717516663 
0.922234453609 0.0768307604217 0.000116848714822 0.000116850112175 0.000116844916503 0.000116841965702 0.000116849973231 0.000116848786542 0.000116843999642 0.00011685750021 
9.49014379383e-05 9.48994833065e-05 9.48971923734e-05 9.49011071347e-05 9.48992223329e-05 0.960491885945 0.0387489208696 9.49005081767e-05 9.48991184902e-05 9.48951154532e-05 
0.468327401325 0.000436764682223 0.000436763910634 0.000436751826169 0.000436765136344 0.000436808913792 0.000436789248877 0.16297377152 0.300203170587 0.0658750128496 
4.85801173305e-05 4.85827527178e-05 4.85802931987e-05 0.99956278807 4.85792771373e-05 4.85781929552e-05 4.85770294439e-05 4.85767705631e-05 4.85772502395e-05 4.85802461318e-05 
0.00106407048719 0.00106408747658 0.00106406464284 0.157137832528 0.00106407942941 0.0381768460956 0.439426189771 0.358874601172 0.00106414850142 0.00106407989607 
0.0788856113347 0.859968662977 0.000309664714666 0.000309704132409 0.000309675103287 0.000309670318971 0.000309675346687 0.000309689019914 0.0428410844473 0.0164465626047 
7.23769272198e-05 0.121603387619 0.10565011726 0.0033697751916 0.0856568265899 7.23786837342e-05 7.23808447049e-05 7.23745301508e-05 7.23766709153e-05 0.683358005683 
0.000225794051909 0.00022578206495 0.935544345095 0.000225775240978 0.0626494595825 0.00022576810798 0.000225775194008 0.000225772228035 0.000225766127295 0.000225762307788 
0.000458817254007 0.060356717046 0.000458800400825 0.00045881776952 0.000458832314315 0.00775491558866 0.874229358765 0.0549061112644 0.00045882769663 0.000458801900735 
0.53926576529 0.0834563946904 0.000520926565013 0.000520955927794 0.000520908897546 0.000520932625426 0.000520946908395 0.000520925357018 0.338586936599 0.0355653071395 
3.4623130911e-05 3.46237607014e-05 3.46258339011e-05 0.999688387697 3.46226518347e-05 3.46240202334e-05 3.46234348125e-05 3.46233872132e-05 3.46230663895e-05 3.46230171755e-05 
0.0001282354752 0.000128236923646 0.000128229231069 0.000128230413092 0.0554985286207 0.000128223393863 0.000128227644097 0.000128233000856 0.852844324482 0.0907595308159 
0.446661327272 0.552198836585 0.000142482929627 0.000142475938833 0.000142476795965 0.00014248204457 0.000142476107584 0.000142478038992 0.000142485984999 0.000142478302412 
0.303630252254 0.671402892106 0.000151762288647 0.000151771982051 0.000151764522129 0.000151769249962 0.000151768462554 0.0239044656221 0.00015177821887 0.000151775294228 
1.28372634979e-05 1.28365587458e-05 1.28370091945e-05 1.28363144316e-05 1.28359328294e-05 1.28362360964e-05 0.999884471699 1.28364807572e-05 1.28364499754e-05 1.28360556921e-05 
0.00215460594702 0.489848107871 0.17081153299 0.00522440643274 1.55726507009e-05 0.063578546236 0.141467376197 0.000141659232442 0.00950000296994 0.117258189473 
0.0497394281207 0.000214783577664 0.000148395384398 0.862561079047 0.000148394194207 0.000148390965176 0.000148394461259 0.000148400687114 0.000148402568912 0.086594330994 
3.44438764898e-05 3.44428886979e-05 3.44421729721e-05 3.44439807019e-05 3.44421785923e-05 3.44432045099e-05 0.999690010769 3.44437311554e-05 3.44448834604e-05 3.44423144578e-05 
6.31437523485e-05 6.31431690352e-05 6.31445255819e-05 0.0975305931071 6.31491147048e-05 6.31431381333e-05 0.223401236645 6.31480117197e-05 0.386299998915 0.292389299621 
0.000102900807058 0.000102899346244 0.000102902167469 0.198608190185 0.0380796530686 0.000102903838903 0.000102910689136 0.000102907068541 0.00010290295579 0.762591829873 
0.000140879830978 0.000140876642106 0.00014087572347 0.000140925699413 0.000140873184173 0.917021579735 0.000140879278678 0.0818513530308 0.000140880895924 0.000140875978989 
0.000253205193089 0.51200035711 0.00025323829652 0.409385580159 0.000253213590504 0.00025324264518 0.0768415343618 0.000253198870006 0.000253213288586 0.000253216485479 
0.296102601686 0.0178126963681 0.000625100010319 0.000625105762523 0.000625144126001 0.122323169204 0.000625134206865 0.33669632964 0.000625156359049 0.223939562638 
0.000139302542032 0.000139304777194 0.0001392995654 0.000139309966506 0.000139302009583 0.000139312987156 0.000139320912065 0.00013930407217 0.998746241223 0.000139301945312 
8.82000071617e-05 8.82039599492e-05 8.82036407542e-05 8.82091895222e-05 8.82075453928e-05 0.0101922664249 0.0385123300511 0.441006696039 0.509759476145 8.82069972823e-05 
0.0504778103755 0.855367542623 7.54357572357e-05 0.0770194401426 7.5432792929e-05 7.54367853054e-05 0.0166825951729 7.54367233388e-05 7.54361351357e-05 7.54334918712e-05 
0.075228759094 0.000106745543534 0.000106745662618 0.000106747136343 0.923917281414 0.000106747844192 0.000106742703591 0.000106744051457 0.000106742355793 0.000106744194683 
0.000347286398585 0.000347291181158 0.000347266708754 0.000347298270958 0.000347290670611 0.000347288911172 0.000347299609565 0.000347298002681 0.000347312387091 0.996874367859 
0.923269646819 0.000281752173591 0.000281714064622 0.000281727314378 0.000281722479865 0.00028174820767 0.000281747215918 0.000281729601429 0.000281762486323 0.0744764496375 
0.000305901301167 0.287399031039 0.000305878524156 0.000305903473336 0.000305868397263 0.000305921438597 0.000305887402702 0.000305862193227 0.710153834155 0.000305912075854 
0.000114435658325 0.000114435803917 0.000114440108685 0.000114444309902 0.803198996995 0.18585207745 0.0101478427384 0.000114447883514 0.000114442692711 0.000114436360072 
0.387829868731 7.34346470004e-05 2.22309103582e-05 2.22317626202e-05 2.22317589728e-05 2.22321387668e-05 2.22317695011e-05 2.76021083584e-05 2.2232967843e-05 0.611935703206 
0.999439486688 6.22772196215e-05 6.2275251509e-05 6.22798203335e-05 6.22810543107e-05 6.227781234e-05 6.22839209754e-05 6.227922923e-05 6.22814598446e-05 6.22775436652e-05 
0.896668669682 8.42630111731e-05 0.0423960292904 8.42621341691e-05 8.42594309389e-05 8.42638684353e-05 0.0603454547497 8.42682560249e-05 8.42639980059e-05 8.42655792242e-05 
0.928127208945 0.000134985098469 0.000134994694578 0.000134991850928 0.0707929033457 0.000134987918005 0.000134986735657 0.000134978935713 0.000134976708905 0.000134985766891 
0.999670998422 3.65565284332e-05 3.65549307901e-05 3.65553812573e-05 3.65552345977e-05 3.65554769908e-05 3.65557483269e-05 3.65554401794e-05 3.65572876058e-05 3.65555500866e-05 
3.27424348017e-05 0.205162467418 3.27420006193e-05 0.224267772701 0.194640113242 3.27419131973e-05 0.0826943820598 0.204059014489 0.0854393857675 0.00363863797401 
0.999009681887 0.000110032532788 0.000110032367029 0.000110035434152 0.00011003962883 0.000110029380304 0.000110039510811 0.000110035213151 0.000110041265277 0.000110032780723 
0.935435996887 1.47903423916e-05 0.061247856383 1.479043967e-05 1.47895844704e-05 1.47901633511e-05 1.47903467034e-05 1.47900376705e-05 0.00321261602836 1.47897871042e-05 
0.000112764067584 0.000112763742179 0.99898513254 0.000112772309598 0.000112771240605 0.000112757594602 0.000112759120577 0.000112764506511 0.000112758378679 0.000112756499408 
0.000141474320973 0.000141472037015 0.000141478541573 0.998726722515 0.000141471697906 0.000141478243739 0.000141482227587 0.000141475996633 0.000141479736974 0.000141464682313 
8.25231328321e-05 8.25238293203e-05 8.25302941864e-05 0.0914608432798 0.0718375190868 8.25307831713e-05 8.25300107009e-05 8.25247075058e-05 0.83612395037 8.2524506151e-05 
0.114272127222 2.24475825534e-05 2.24459718898e-05 2.24455545478e-05 2.24455173782e-05 2.24454091322e-05 2.24456973174e-05 2.24460963786e-05 2.24466455689e-05 0.885548304303 
0.928477250388 0.000134985112128 0.000776594102584 0.000134991913106 0.0698012622832 0.00013498796408 0.000134986754928 0.000134978967818 0.000134976727547 0.00013498578709 
8.02798522505e-05 0.0497126761209 8.02765138594e-05 0.929557147998 8.02753395203e-05 8.02693126572e-05 8.02718692234e-05 8.02689447238e-05 8.02728022122e-05 0.0201682612469 
0.000141474321038 0.000141472037075 0.000141478541647 0.99872671671 0.000141471697965 0.000141478244654 0.000141488031923 0.000141475996701 0.00014147973705 0.000141464682357 
0.000181532888122 0.000181546715349 0.0306151663315 0.689066019861 0.0266721364595 0.000181534783474 0.00764051417726 0.00018153021499 0.000181574081514 0.245098444487 
0.000107079210904 0.000107083238569 0.000107083407161 0.999036233882 0.000107094361377 0.000107083792043 0.000107085148776 0.000107087876998 0.000107083376479 0.000107085705965 
7.75306790826e-05 7.75329575157e-05 0.99930220335 7.75357126192e-05 7.75360833004e-05 7.75347168902e-05 7.75333038316e-05 7.75333728841e-05 7.7529602041e-05 7.75302217084e-05 
3.7743321275e-05 3.77441392048e-05 3.77426132055e-05 3.77515945189e-05 0.999660300733 3.77422293692e-05 3.77435480993e-05 3.77443353581e-05 3.77433142786e-05 3.77441712984e-05 
9.00202960534e-05 9.00235287468e-05 0.997115510478 9.00303778211e-05 0.0021643021424 9.00238644795e-05 9.002379396e-05 9.00231689455e-05 9.00198973731e-05 9.00224524096e-05 
9.1674533872e-05 9.16752298987e-05 9.16781574799e-05 0.305051535554 9.16816732497e-05 0.117198271243 0.000172102988655 9.16823355138e-05 0.577028024306 9.16739779002e-05 
0.550031385935 0.0719131326153 0.0285687431946 0.0704997801039 5.21798762122e-05 0.249935450283 0.0166069277119 0.0122880403911 5.2179624025e-05 5.21802644475e-05 
0.00018522566255 0.000185220570674 0.00018522500479 0.000185231977832 0.000185233977041 0.000185255305406 0.000185223031557 0.000185216739941 0.998332947376 0.000185220354253 
0.0317917037371 6.47407739663e-05 6.47373832568e-05 6.47405702846e-05 6.47389499074e-05 0.188460629063 6.47378183664e-05 6.47382434594e-05 0.673076449352 0.106282784109 
0.284789428695 0.000244558471953 0.100973172521 0.000244548808008 0.000244559852199 0.322966535892 0.000244564898901 0.000244572176787 0.289803522639 0.000244536044772 
3.92839462088e-05 3.9286425116e-05 0.0570799331451 0.0576111679391 0.187203655298 4.98175940737e-05 3.92878430178e-05 3.92867087837e-05 3.92843249878e-05 0.697858996776 
0.737399028619 8.43372443797e-05 0.256026831563 8.43406597777e-05 8.4334811393e-05 8.43394440333e-05 8.43414012127e-05 8.43339382933e-05 0.00598377809389 8.43342245479e-05 
4.88342272007e-05 4.88370973925e-05 4.88413341914e-05 0.0652015394552 4.88411969462e-05 4.88401244003e-05 0.00188108535492 0.932575506393 4.88367146785e-05 4.88381024528e-05 
0.000292476676812 0.000292467912171 0.269532930862 0.49372884611 0.12193678815 0.000292494831305 0.000292489386173 0.000292519145921 0.109349644149 0.0039893427773 
0.00243963706956 0.00243938678663 0.00243986593779 0.571485927155 0.408996845413 0.00243986661093 0.00243967872902 0.00243968150304 0.00243982911927 0.00243928167605 
0.000401728086513 0.74056255406 0.183427473831 0.000401700546848 0.000401750519382 0.00849518694561 0.0651045145093 0.000401717971544 0.000401674024924 0.000401699504418 
0.233239912451 0.000512938808724 0.00051294922847 0.00051297167426 0.122500171907 0.00051291072161 0.000512912457708 0.000512942531981 0.403373476 0.237808814219 
0.697549781649 0.165404666882 0.000233164100451 0.135413424866 0.000233154773431 0.000233157076575 0.000233169080849 0.00023316307668 0.000233159493826 0.000233159001652 
0.000103119307775 0.000103115151278 0.000103114510849 0.000103116679065 0.000103113419573 0.000103113448251 0.999071969058 0.000103111829421 0.000103114901453 0.000103111693894 
4.50068040795e-06 4.50072201454e-06 4.50076484282e-06 0.0929828604294 0.00261953523116 4.50080876568e-06 0.900998877645 4.50082022786e-06 4.50075728169e-06 0.00337172214116 
0.117653668104 2.44328038984e-05 2.44312325938e-05 0.316933747392 2.44327357475e-05 2.4432018042e-05 0.418971063985 0.0527832903622 0.0935360695582 2.44318086014e-05 
0.776683433306 6.01114922487e-05 6.01126001554e-05 6.01106827277e-05 6.01122357048e-05 6.01110984576e-05 6.01122600626e-05 0.222835677258 6.01097202159e-05 6.01093464499e-05 
0.139085361585 0.0975500216464 1.42912051936e-05 1.4291432079e-05 1.42905936596e-05 1.42908118241e-05 1.4290782537e-05 1.42908548203e-05 0.759318686659 0.00396018442935 
