0.000114708700084 0.021108983531 0.000114710569132 0.000114708221186 0.977973363938 0.000114702225104 0.000114710042896 0.000114710277575 0.000114703657452 0.000114698837867 
0.000474015293566 0.000474019864659 0.000474011393891 0.131935442353 0.229678029822 0.635068397647 0.000473991896588 0.00047401397974 0.000474076696374 0.000474001052362 
0.000724720597323 0.000724743862022 0.00072475142464 0.774054226562 0.000724753309879 0.000724709911983 0.000724796959285 0.000724738925818 0.220147787112 0.000724771334362 
0.000641188771035 0.000641247293459 0.285090187863 0.000641160050695 0.525641783293 0.000641168050363 0.000641160952555 0.000641171657082 0.184779782656 0.000641149412615 
3.70883592886e-05 3.70841118383e-05 3.70848679725e-05 0.999666229682 3.70886375793e-05 3.7085445456e-05 3.70842894467e-05 3.70844431612e-05 3.70848379764e-05 3.7085324857e-05 
0.000146226488102 0.000146224063598 0.000146223005896 0.00014623811669 0.17526352316 0.823566667199 0.000146222800934 0.000146222570493 0.000146229272584 0.000146223322471 
0.000163183938238 0.989012563772 0.000163170604988 0.000163168285725 0.000163179915205 0.000163177565612 0.000163180790763 0.000163168948914 0.000163177863823 0.00968202831442 
0.998615027883 0.000153878740656 0.000153896825381 0.000153883400496 0.000153876539736 0.000153888834844 0.000153893431443 0.000153889107933 0.000153875829554 0.000153889406513 
6.98500973185e-05 6.9845473471e-05 6.98518393501e-05 0.62079947108 0.378641752293 6.98468522707e-05 6.98469273634e-05 6.98445435854e-05 6.98466950368e-05 6.98441985216e-05 
0.288598864527 0.120403839341 0.0217861325909 0.216780318483 0.149258617741 0.000390730391794 0.000390727964334 0.033064001135 0.000390698048397 0.168936069777 
0.000178289580061 0.101038735934 0.0119175611165 0.000178281511252 0.000178293760563 0.000178302783035 0.885795661159 0.000178281697189 0.0001782990639 0.000178293394512 
0.000232082067143 0.117685395322 0.000232071799702 0.000232078345112 0.000232080484618 0.000232081096748 0.700882967174 0.0578693827869 0.122169783967 0.000232076957107 
0.0684023865677 5.14251470238e-05 0.0312262783496 0.819911032999 0.0801517553353 5.14241559773e-05 5.14237786973e-05 5.14248485573e-05 5.14233971145e-05 5.1425421091e-05 
0.00011978578339 0.860753961396 0.000119789215624 0.00404373621225 0.0585967184446 0.00103811287927 0.0668408601949 0.000119791392631 0.00824746265045 0.000119781830705 
4.52975101658e-05 4.53004688518e-05 4.52988936233e-05 4.52994137565e-05 4.52975012209e-05 4.52968127795e-05 0.999592315486 4.5299506228e-05 4.52979447517e-05 4.52964621371e-05 
7.14944238435e-05 0.0478861991774 0.0222794507809 7.14998333031e-05 0.0138204233665 7.14959674727e-05 0.00234787526565 0.853471549411 0.0599085157044 7.14960692616e-05 
0.000287401890085 0.00028740898472 0.000287397927518 0.000287427860072 0.000287440648421 0.997413315291 0.000287398790351 0.000287405941569 0.000287409349156 0.000287393317291 
0.00012660805723 0.000126618682648 0.000126612713836 0.000126608206073 0.0118733588935 0.000126605829615 0.000126617156573 0.169228805433 0.818011556532 0.000126608494824 
0.200803956299 0.000322665877224 0.000322645581518 0.000322667844156 0.000322660168956 0.542174599534 0.00032264528655 0.000322634626971 0.254762854551 0.000322670231157 
3.5773451931e-05 3.57744350305e-05 3.57739864317e-05 3.577422744e-05 3.57752573751e-05 3.5773576979e-05 0.999678035877 3.57741480393e-05 3.57730634521e-05 3.57719763769e-05 
0.0703076268398 9.70206260598e-05 9.70132761383e-05 0.0303658717881 0.736430464019 0.0580405027122 9.70229330924e-05 9.70210338484e-05 9.70195128005e-05 0.104370437259 
8.04691033523e-05 8.04698500724e-05 8.04782437135e-05 8.04725790866e-05 0.0817586400075 8.04694552442e-05 0.00117272561372 0.821996027372 0.0064555984529 0.0882146493228 
0.175531662948 0.000129571625432 0.000129557433146 0.000129563092196 0.0727099459772 0.000129562355256 0.000129559379853 0.000129564836328 0.00012957342672 0.750851438926 
7.88223844299e-05 0.047014194399 0.4517549279 0.109537635645 0.197400567176 7.88205055643e-05 0.0667217456522 0.12725565048 7.88186311673e-05 7.88172262472e-05 
0.390748319665 0.132830898097 0.000166977042316 0.000166985286655 0.000166977176357 0.000166992266429 0.475251908705 0.000166985358976 0.000166982042317 0.000166974359363 
0.0215765543874 0.000280169712214 0.000280168347173 0.0243297994386 0.276497687706 0.00028019166212 0.0453511625659 0.000280191080079 0.630843873889 0.000280201210849 
8.76605029696e-05 8.76573573858e-05 8.76564473259e-05 8.76560022279e-05 8.76586634347e-05 8.7665676359e-05 8.7662213986e-05 0.99921106266 8.76599775217e-05 8.76604986742e-05 
0.820676908567 0.135990190362 8.36633757597e-06 0.0228937924044 2.45979729997e-05 8.36587264951e-06 8.36620265585e-06 8.36594518162e-06 8.36600812407e-06 0.0203726803275 
0.000111640210982 0.000111632978725 0.000111636065259 0.000111634123652 0.443315024132 0.25784546794 0.000111631358564 0.00011163896437 0.205600639882 0.0925690543446 
0.000330486581381 0.0577970159317 4.60478305228e-05 0.941550143735 4.60467862344e-05 4.60489147356e-05 4.60521034471e-05 4.60491534924e-05 4.60533207916e-05 4.60556429298e-05 
0.148745587201 0.000147963426013 0.69556389718 0.0306793339502 0.000147971706335 0.000147965163003 0.000147962352831 0.000147963482059 0.000147962530402 0.124123393008 
0.000348525683782 0.000348520824175 0.000348494209999 0.000348508901709 0.764555475636 0.000348535625575 0.00034855442204 0.000348525415315 0.181923695213 0.0510811640681 
0.115841578597 0.000223758871663 0.000223756088184 0.000223774817352 0.496010522936 0.130606624586 0.00022376148206 0.000223786023315 0.000223763856973 0.256198672741 
0.0094246272836 0.100531156606 7.22160347162e-05 0.820802760692 0.0180374227652 7.22232271688e-05 7.22227327545e-05 7.22219821617e-05 7.22230286572e-05 0.0508429256485 
9.19284073519e-05 9.19284618593e-05 9.19268972945e-05 9.19338317886e-05 9.19290081784e-05 9.19359387518e-05 9.19336944164e-05 0.999172616746 9.19323415364e-05 9.1934672705e-05 
0.000147094371895 0.000147100602917 0.000147087495395 0.998676176727 0.00014709422252 0.000147089282187 0.000147090320203 0.000147088360613 0.000147090239193 0.000147088378553 
5.453346428e-05 5.4540845019e-05 5.45376282937e-05 5.45343656912e-05 5.45341395684e-05 0.54488064322 0.454683061905 5.45397458518e-05 5.45372343359e-05 5.45374514527e-05 
3.50839290716e-05 0.794745817564 3.50843658056e-05 3.50841654915e-05 3.50833721807e-05 3.50846185093e-05 0.20497350707 3.50846934105e-05 3.50857931597e-05 3.50844290172e-05 
0.218240127566 0.693979939889 0.000295064484175 0.000295041217232 0.000295065409944 0.000295056265604 0.0857145121784 0.000295069216013 0.000295053768986 0.00029507000474 
0.000132999742101 0.998802960195 0.000133004706755 0.00013299971838 0.000132995215752 0.000132996045737 0.000133034038984 0.000133013089645 0.000133000231155 0.000132997016598 
0.00288117422233 3.71543490352e-05 3.71561642613e-05 0.667488657246 3.71554782614e-05 3.71559574789e-05 3.71569523884e-05 3.71570991727e-05 3.7156074043e-05 0.329370076457 
0.999029952135 0.000107783369683 0.000107783241238 0.000107780099521 0.000107778461743 0.000107781480116 0.000107780876901 0.000107782902396 0.000107780732561 0.000107796700512 
0.000115237014293 0.000115230369885 0.000115227586687 0.000115236583628 0.000115238045963 0.882775010698 0.000115241074365 0.00011523959696 0.116303104787 0.000115234244078 
5.98600662243e-05 0.954433059611 0.005315799514 5.98581627582e-05 5.98558177936e-05 5.98580881868e-05 0.0375577787226 5.98602981489e-05 0.00233421249232 5.98572274398e-05 
0.000259811380171 0.000259803869117 0.113018161956 0.000259795205479 0.000259791472796 0.000259799327993 0.884903432931 0.000259796189053 0.00025980674503 0.000259800923364 
4.25623025071e-05 4.25645225927e-05 4.25613157244e-05 4.25610396395e-05 4.25615211779e-05 4.2562844358e-05 0.0629709435511 4.25637662919e-05 0.936688553605 4.25655311139e-05 
0.000140880799512 0.000140871304644 0.000140864361998 0.000140873778791 0.000140872641454 0.998732147907 0.000140869494771 0.000140876119769 0.000140871861084 0.000140871731346 
0.0013702429315 0.00137015435861 0.00137018503297 0.00137020259358 0.11686515823 0.0658985962497 0.0013702688285 0.00137037308774 0.0013701605964 0.807644658091 
0.00243940518999 0.00243942577569 0.0024396545849 0.00243966774337 0.00243956819313 0.751034872315 0.00243977016019 0.00243976323253 0.199431343645 0.0324565291599 
0.38275559342 0.000425626919342 0.000425633532659 0.000425652692472 0.613839434139 0.000425621439929 0.000425603309056 0.000425608529074 0.000425617305191 0.000425608713227 
0.000114345365075 0.000114317525782 0.153829323741 0.110834048336 0.321897137582 0.10279385225 0.000114317346569 0.000114312819799 0.310074031766 0.000114313268043 
0.000140278889909 0.000140284975941 0.000140287499152 0.000140280999771 0.00014027526003 0.000140277142491 0.000140289455419 0.000140282662387 0.998737464096 0.00014027901841 
0.000110404313179 0.000110402580995 0.000110404234299 0.999006399001 0.000110411894596 0.000110394145704 0.000110395702049 0.000110395207285 0.000110394309865 0.000110398610582 
0.000129722871077 0.112680307359 0.0775957394279 0.00012973056889 0.652332073032 0.000129724702506 0.0475877211225 0.000129732554007 0.109155503882 0.00012974447968 
1.12213339478e-05 1.12209034591e-05 0.157233371163 0.00422560431897 0.838462478732 1.12209083634e-05 1.12208799036e-05 1.12210019205e-05 1.12203404329e-05 1.12204176664e-05 
0.000159527470659 0.692054786036 0.000159527144919 0.000159522247365 0.000159521256646 0.0211120847049 0.000159525991069 0.285716456769 0.000159521295953 0.000159527084196 
0.363139018652 0.403959519679 0.0599386190579 9.8257365821e-05 9.82591232852e-05 0.167691297739 9.8253727105e-05 9.82518350796e-05 0.00478027376127 9.82490592859e-05 
0.0917366678258 0.000203297418576 0.00020331332204 0.000203315620055 0.256362184946 0.000203314649285 0.000203295040108 0.000203301470551 0.560875733182 0.0898055765252 
6.82252496959e-05 0.000156446816899 6.82315186349e-05 6.82252799858e-05 6.82265761239e-05 6.82236225073e-05 0.999297745187 6.82278415521e-05 6.82239687408e-05 6.82239388309e-05 
0.0964454716687 0.000438725347452 0.000438702694135 0.000438717691691 0.499823627197 0.000438733059804 0.000438670267688 0.000438675041295 0.000438699648979 0.400659977383 
0.000123177408184 0.677131373295 0.000123172472043 0.000123174314448 0.000123187596921 0.000123174353008 0.0818146815552 0.00012317811694 0.000123187727697 0.240191693161 
0.000316542397467 0.000316540225 0.000316525921191 0.226439873672 0.126551748236 0.0614959256518 0.0715693425262 0.000316554234903 0.454615369024 0.0580615781115 
0.000324780473301 0.700619329229 0.000324797151741 0.000324790840216 0.000324766221729 0.000324758074426 0.000324750060905 0.000324770652801 0.000324770199499 0.296782487097 
0.0574762814852 0.167084693527 0.000178611817981 0.000178630517842 0.270250817559 0.000178624269888 0.00017861795567 0.000178617518316 0.307212955216 0.197082150133 
0.812844438497 0.00029330926805 0.000293302442318 0.00029332778646 0.184809071671 0.00029332013452 0.000293297387329 0.000293302033614 0.000293311412583 0.000293319367563 
0.000120793798146 0.998912809891 0.000120795650016 0.000120791919896 0.000120800527704 0.000120797050448 0.000120807844686 0.00012080281368 0.000120801461803 0.000120799042498 
1.19808144597e-05 0.330741541026 0.150555085369 0.000145784913307 1.19804556353e-05 1.19804886497e-05 0.513360044216 0.00513764211105 1.19802289558e-05 1.19803772716e-05 
0.00013701501184 0.000137019763459 0.000137016582955 0.000137015550174 0.000137026847619 0.000137018265941 0.000137019806856 0.219194450632 0.779709403989 0.000137013550062 
0.246544386784 0.318675562895 7.67623531903e-05 7.67649355613e-05 7.67630426102e-05 7.67623030684e-05 0.434242700865 7.67667694301e-05 7.6762824646e-05 7.67672273376e-05 
0.000456733645243 0.000456744424889 0.00045673972454 0.000456725219573 0.000456782067044 0.000456695673331 0.412307229636 0.000456729603565 0.000456758117884 0.584038861887 
0.000155546190881 0.107180620766 0.000155552558334 0.000155550708039 0.000155551635588 0.000155547800656 0.891574976163 0.000155551524997 0.000155553661906 0.000155548990566 
4.57990031309e-05 0.323774411506 0.0846470842844 4.57992788511e-05 4.57953551801e-05 4.57958691833e-05 4.57981383096e-05 0.591257925261 4.57957865248e-05 4.5795516835e-05 
1.83907126802e-05 1.83897381204e-05 1.83894980926e-05 0.173973780752 0.195778599358 0.0634951411895 1.83903538994e-05 1.83897666153e-05 0.56664213897 1.83896607398e-05 
0.000321619530634 0.000321625427554 0.000321595862513 0.000321612481226 0.000321616867379 0.000321636560835 0.362266536854 0.0386116734259 0.596870470176 0.000321612813756 
7.36867274791e-06 7.3684068574e-06 7.36835332025e-06 7.3684999398e-06 7.368699851e-06 0.000174178137588 7.36894504712e-06 0.999766872791 7.3689052798e-06 7.36858787682e-06 
0.000198462812613 0.000198445752435 0.000198442090085 0.000198453843776 0.000198463018092 0.0414066723431 0.000198450867159 0.000198468638495 0.191201308088 0.766002832547 
0.000102590417093 0.000102585615106 0.000102585604842 0.000102585283294 0.000102590250236 0.00393904010338 0.932024198537 0.0352352273935 0.0281860060611 0.000102590734256 
6.55982639445e-06 6.56026067126e-06 0.45091926806 6.55997612703e-06 6.55998302584e-06 6.56014760136e-06 0.0142340892671 6.56044586126e-06 0.534800721623 6.5604102724e-06 
0.00217016742029 0.0748106376406 7.26901233334e-05 7.26925137311e-05 0.271322981869 7.26904777808e-05 7.26907584129e-05 7.26920660385e-05 0.00604143322456 0.645291323906 
8.04090783289e-05 0.0273527581811 0.214820008929 0.70028688402 0.0348624823478 8.04064500854e-05 8.04095487728e-05 0.0222758329542 8.04058487489e-05 8.04026418255e-05 
0.161166966468 5.23676749764e-05 5.23703812125e-05 5.23658140233e-05 5.23648898005e-05 0.691820914406 5.23696696919e-05 5.23683124849e-05 5.23668834829e-05 0.1466455455 
0.000304013628538 0.000304031160966 0.000304006319579 0.000304016749398 0.0325355946098 0.000304017194109 0.6549804143 0.000304064208939 0.310355818622 0.000304023206612 
1.06094548498e-05 1.06092161905e-05 1.06087551347e-05 1.06090533516e-05 1.06095250009e-05 1.06095739122e-05 0.871666220778 1.06093426845e-05 0.128248905216 1.06090840245e-05 
0.468316312503 0.000266737979523 0.134322657382 0.395493899953 0.00026674428459 0.000266736396516 0.000266734068392 0.000266730488835 0.000266743568076 0.000266703376696 
9.95272952018e-05 9.95297310895e-05 9.95236537024e-05 0.0443183635491 0.213497537796 9.95251080435e-05 9.95278277182e-05 0.41964587783 9.95302208444e-05 0.321941056988 
0.000105174592383 0.000105174977106 0.000105179534363 0.000105183231589 0.422133844641 0.000105181082921 0.000331049717203 0.523107277166 0.0537967537429 0.00010518131458 
7.07330604639e-05 7.07388270738e-05 7.07361365288e-05 7.07346468219e-05 7.07354249961e-05 7.07418959287e-05 0.88583468784 7.07392078677e-05 0.113599419792 7.0733169034e-05 
0.000167821331498 0.320359785552 0.000167824128622 0.000167826972858 0.00636199553055 0.000167820274702 0.000167831350656 0.184163520468 0.000167834024427 0.488107740366 
7.01931076169e-05 0.0619289007596 7.01955042149e-05 7.01918503174e-05 7.01920002419e-05 7.01953313616e-05 7.01933071181e-05 7.01929461871e-05 7.01956518049e-05 0.937509549542 
6.01108422634e-05 6.01114121335e-05 6.01113667183e-05 6.01108466964e-05 0.0717867187147 6.01113599941e-05 0.175209952251 6.01128328618e-05 0.752582550753 6.01096214563e-05 
0.000108358776789 0.834963495459 0.0524697433765 0.000108361483732 0.000108360219907 0.000108360853903 0.1118082267 0.00010836834118 0.000108363391796 0.000108361397238 
8.57110951978e-05 0.0552086819981 8.57132011432e-05 8.57134775034e-05 0.32397458249 8.57087513694e-05 0.21239352653 8.5713952472e-05 0.0548703612234 0.353124287281 
0.0256458320768 0.116133110301 0.27753274881 0.000523646752702 0.000523681879686 0.000523678650968 0.112561465392 0.000523674979146 0.000523689607861 0.46550847155 
0.122097362937 0.873422920985 6.81807333681e-05 6.81802966958e-05 6.81797324338e-05 6.81827354511e-05 6.81855457151e-05 6.81851211422e-05 6.81866191347e-05 0.00400243529374 
0.333517349019 0.293912753879 0.000429276806698 0.055123310226 0.107771428514 0.000429265474018 0.0420175765855 0.0210622472187 0.000429292621528 0.145307499656 
4.0710261069e-05 4.07095566523e-05 0.00164018938953 4.07115521798e-05 0.00852241747758 0.290287269691 0.534995163483 0.0122970639137 4.07113520941e-05 0.152095053322 
1.69200070456e-05 1.69201975804e-05 0.999847719195 1.69202681693e-05 1.69218131978e-05 1.69195995451e-05 1.69201262229e-05 1.69200170295e-05 1.69196194551e-05 1.69191564103e-05 
9.08528903834e-05 0.00541250781702 9.08591819269e-05 9.08530402806e-05 0.103556522112 9.08491199896e-05 0.0880889446841 0.171074300243 0.63141346504 9.08458710915e-05 
7.49242274084e-05 7.49198082602e-05 0.058643029871 0.537282783414 0.403549748006 7.49187397689e-05 7.49182602103e-05 7.4918198426e-05 7.49191072836e-05 7.49203677312e-05 
0.0188238577297 0.000821087302789 0.540006285934 0.03699521974 0.202572628786 0.0856077819957 0.000118939176609 0.000118935813297 0.114816330746 0.000118932776014 
3.27083904976e-05 0.321863091445 0.00995010235511 0.364376353907 3.27075219761e-05 3.27087169046e-05 0.170764982469 0.0109848443556 0.121929793439 3.2707398822e-05 
0.390636313355 0.54551460003 6.86026400526e-05 0.0633688692526 6.86066472139e-05 6.85997489881e-05 6.86012117342e-05 6.86031085697e-05 6.86011959789e-05 6.86028103817e-05 
0.00201422413252 0.194496684463 6.57214595552e-05 0.803029067055 6.57175906387e-05 6.57162831299e-05 6.57195505662e-05 6.57196486481e-05 6.57160306476e-05 6.57137867504e-05 
0.618851407036 0.124028302025 5.36057565825e-05 0.160008802204 0.0967898697989 5.36031881479e-05 5.36019323698e-05 5.3601213945e-05 5.36050287441e-05 5.36018155313e-05 
0.384895934876 0.0988393530934 0.00763284918428 0.288838231959 0.000116176736849 0.000116171306316 0.000116175311508 0.0122202050136 0.000116167220194 0.207108735299 
0.0126670340587 7.39244358829e-05 7.39240854774e-05 7.39279554588e-05 0.986741557299 7.39272787164e-05 7.39269801248e-05 7.39261431539e-05 7.39267901602e-05 7.39249733138e-05 
3.5418461972e-05 3.54163291053e-05 3.54181122337e-05 3.54183884081e-05 0.999681243414 3.54186603879e-05 3.54165330915e-05 3.54177781296e-05 3.54162575203e-05 3.5416065307e-05 
0.00151538861094 0.00151546952618 0.00151546161278 0.00151538141333 0.00151538426274 0.683509488018 0.304366997971 0.00151554582153 0.00151547529206 0.00151540747132 
6.74042377498e-05 0.105031851817 6.74038791363e-05 0.389564297851 0.01148804874 6.74048381254e-05 0.164951982254 0.00502568866895 0.323668512942 6.74047728282e-05 
0.191122626864 0.000378845573532 0.000378854359695 0.000378882697764 0.230458554457 0.000378888702795 0.000378856025492 0.000378853973024 0.000378862881494 0.575766774465 
0.000342560125077 0.0566458694643 0.000342559282765 0.0297439120345 0.574503956732 0.337050958824 0.000342537772005 0.000342541815972 0.000342551397788 0.000342552552033 
0.000110158742396 0.000110154458216 0.000110152751161 0.000110158534311 0.000110164073891 0.989043414435 0.000110156210989 0.0100753189706 0.000110159624803 0.00011016219865 
0.000454676572325 0.00045461793904 0.000454645564159 0.0665542876915 0.541195806028 0.000454705519558 0.000454623949598 0.000454672575241 0.00045464128541 0.389067322875 
6.62851791197e-05 6.62853289942e-05 0.00818700001702 6.62880305569e-05 6.62850082431e-05 6.62900812698e-05 0.991282703095 6.62834413608e-05 6.62950653928e-05 6.62847527109e-05 
0.000220322330521 0.532726096171 0.244366056514 0.000220301920661 0.000220306300067 0.000220317844096 0.193846096402 0.000220312452341 0.0277398747754 0.000220315289346 
5.25867327983e-05 0.999332517506 5.25889380216e-05 5.25845091755e-05 5.25853407529e-05 5.25864417345e-05 0.000214360164653 8.5016435823e-05 5.2590466603e-05 5.2583464161e-05 
6.2394837373e-05 0.141839826222 6.23944895259e-05 0.364911742152 6.23962972783e-05 6.23943030203e-05 0.448159471754 0.00129955101301 0.043477428329 6.2400602103e-05 
0.0946265255457 0.000413308388965 0.0897081517242 0.000413324465171 0.472852728091 0.000413299955458 0.0791733637234 0.000413317737252 0.261572656321 0.000413324048124 
0.000469603534284 0.11760788525 0.000469554393695 0.000469644967396 0.000469617830841 0.000469562065116 0.000469547973469 0.000469566343458 0.000469609005605 0.878635408636 
0.0435460446221 0.000237034930451 0.156244393935 0.136663713924 0.501858897522 0.000237032603047 0.160501806464 0.000237032438467 0.000237012974688 0.000237030586828 
0.000168380893378 0.000168397478059 0.000168398781659 0.000168383615299 0.000168378183523 0.000168382698865 0.000168404316819 0.998484489691 0.000168386192065 0.000168398149379 
0.000390691220478 0.996483805336 0.000390677229542 0.000390691448213 0.000390681126078 0.000390701766759 0.000390703840134 0.000390699791938 0.000390680744986 0.000390667495708 
0.00017956393704 0.998383908419 0.000179576670563 0.000179567769095 0.00017956139426 0.000179560475694 0.000179578924365 0.000179570349379 0.000179557753416 0.000179554307228 
6.71281642116e-05 6.7124394014e-05 0.975330319238 6.71285777478e-05 0.0241326797071 6.7124357542e-05 6.71247408535e-05 6.71236503553e-05 6.71238778254e-05 6.71232927271e-05 
0.000238153319313 0.000238147507609 0.000238133501422 0.000238155086447 0.77381192221 0.000238176528719 0.000238136080753 0.000238138160917 0.224282901946 0.000238135658888 
7.08356350812e-05 0.278385472939 0.308473073438 7.08366445336e-05 0.288079352242 7.08373289735e-05 0.0415041350994 0.0183152513857 0.0649593684403 7.08368472481e-05 
0.000141676966796 0.984814691298 0.000141674466817 0.0140519105927 0.000141681902148 0.000141678417943 0.000141678256577 0.000141672651015 0.00014166985999 0.000141665588077 
0.272182091019 0.00034606940709 0.000346097843422 0.000346139633956 0.370214104729 0.000346117018571 0.000346091509156 0.000346086572108 0.000346091807147 0.355181110461 
0.000147743296661 0.000147737292954 0.000147734531287 0.000147738866354 0.000147742437277 0.000147745836294 0.000147747006235 0.998670332531 0.000147740482696 0.00014773771945 
0.271733913897 0.0061238035911 0.000138735706878 0.177631096183 0.174796039975 0.000138737751013 0.275559292442 0.000138733273015 0.0001387320565 0.0936009151251 
4.31311894116e-05 4.31337391284e-05 0.264519534746 0.00338534110797 0.655063923408 4.31305984436e-05 0.0202192567324 0.0100268551303 4.31317287251e-05 0.0466125616194 
6.07671617157e-05 6.07679389723e-05 6.07677586048e-05 6.07664648396e-05 6.0766305977e-05 6.07677774778e-05 0.947884784307 0.0516290763275 6.07712868451e-05 6.07646706952e-05 
0.000147743042476 0.199766306917 0.00154210816724 0.000147747620341 0.000147747629021 0.000147751285999 0.511587464076 0.000147753421369 0.286217634379 0.000147743462018 
0.788550006204 0.000617381572573 0.000617419091067 0.194718091324 0.000617478400405 0.000617441263064 0.000617389690604 0.000617378146516 0.000617394715386 0.012410019592 
0.0145604979332 0.000326886259813 0.000326873366772 0.000326886624279 0.000326900329035 0.000326902443637 0.309452062087 0.000326855161165 0.372282557927 0.301743577867 
8.50566887293e-05 8.5057562516e-05 8.50539994252e-05 8.50549485789e-05 0.287580244459 8.50559612828e-05 8.50580281985e-05 8.50574276998e-05 0.711739307513 8.50534107208e-05 
4.6371938798e-05 0.38781741008 4.63687125206e-05 0.321371530762 4.63723829431e-05 4.63703417579e-05 0.194432470291 0.0014491187531 0.094697613813 4.63729249665e-05 
0.999789178491 2.34241670592e-05 2.34243826156e-05 2.34251449983e-05 2.3425639459e-05 2.34248528126e-05 2.342416923e-05 2.34238773893e-05 2.34245294606e-05 2.34247464545e-05 
0.000330116793022 0.645074166112 0.000330131055151 0.0003301125757 0.00033009991692 0.000330091489214 0.0961234647473 0.256491615214 0.000330100649599 0.000330101446986 
0.630890000709 0.00411445968858 0.359724858991 0.000143293327567 0.000143291447639 0.000143312111573 0.000143307807369 0.000143309472281 0.000143289907238 0.00441087653719 
3.0682171198e-05 3.06812232312e-05 3.0681542998e-05 3.06820242908e-05 3.0681773952e-05 3.06832487946e-05 0.844976268606 0.154778275479 3.06827438301e-05 3.06811868748e-05 
0.000141673539022 0.000141680156283 0.000141673969778 0.000141678416967 0.0505112890791 0.0389515951695 0.0598687950284 0.849818251672 0.000141677083424 0.000141685885927 
0.0265126214417 0.316233147094 6.90772600082e-05 0.173600175296 6.90801418848e-05 6.90734904953e-05 0.353756954114 6.90795019563e-05 0.129551715516 6.9076143829e-05 
9.97308616086e-05 9.97292349246e-05 0.113777884159 0.0270815397873 0.43145703529 9.97219620324e-05 9.97282704226e-05 9.97283805151e-05 0.427085179317 9.97227372601e-05 
7.73554336284e-05 7.73585051222e-05 7.7359462894e-05 7.73563739452e-05 7.73589244676e-05 7.73662545602e-05 0.991919813158 7.73591420092e-05 0.00746131723003 7.73555156857e-05 
8.24587934536e-05 0.336972986617 8.24635344018e-05 8.24589458991e-05 8.24624288423e-05 8.24611906759e-05 0.662367321354 8.24621891809e-05 8.24636330945e-05 8.24613134572e-05 
8.25967278462e-05 8.25895590857e-05 0.999165452279 8.25951744487e-05 0.000173820805417 8.25884938528e-05 8.25891405508e-05 8.25886772997e-05 8.25893283201e-05 8.25898140412e-05 
0.000598931537264 0.42968792987 0.236516704733 0.000598993000844 0.000598985902632 0.000599045320288 0.2780486336 0.0521529202095 0.000598938803968 0.000598917022757 
0.00010174203125 0.000101759023491 0.000101745394218 0.000101743864769 0.000101741320108 0.00010174166555 0.000101749852317 0.00010174698499 0.000101744333137 0.99908428553 
4.41420121838e-05 4.41409724946e-05 0.00157403050644 0.998072847246 4.41422789766e-05 4.41396947081e-05 4.41395785542e-05 4.41394852636e-05 4.41383721676e-05 4.41398531436e-05 
1.67296706369e-05 1.67293253942e-05 0.000858379746584 0.0137750378565 0.0114339183118 1.67304696091e-05 0.0891205163481 0.00700446958082 0.0128626523897 0.864894836301 
0.00322584716744 0.000123641448954 0.03145321881 0.837881630371 0.126697459469 0.000123637494642 0.000123634393996 0.000123651251696 0.000123631516537 0.000123648077078 
0.333446399661 0.000485514708793 0.000485515133465 0.0436795922403 0.554938912576 0.000485546785861 0.000485569942292 0.000485530957012 0.000485566737379 0.0650218512583 
0.996851631641 0.000349736017704 0.000349696533211 0.000350640959858 0.000349698213207 0.000349696279293 0.000349738997388 0.000349705597579 0.000349759218499 0.00034969654258 
0.000143503787384 0.00014351231624 0.000143505599141 0.00014350505347 0.0701171192982 0.000143505314212 0.000143506287615 0.085102597321 0.843775714282 0.000143530741193 
0.951051074164 0.000259794009919 0.0127814482703 0.000259796221995 0.000259785535629 0.000259819614006 0.000259806032942 0.034348884693 0.000259788995134 0.000259802462567 
4.50132355067e-05 4.50125156146e-05 4.50128249439e-05 4.50135046881e-05 4.50152338022e-05 4.50145580147e-05 0.999594870408 4.50132040553e-05 4.50164796513e-05 4.50180352647e-05 
3.74777834775e-05 0.0685888426116 0.141845688442 3.74762331472e-05 3.74762185632e-05 3.74780939512e-05 0.785768439585 0.00357216613624 3.74761026436e-05 3.74787933691e-05 
0.000125978998268 0.000125978166677 0.000125969346308 0.035492588303 0.0535677444793 0.000125968306379 0.000125972642849 0.894843524932 0.00012597492272 0.0153402999027 
0.000199639232649 0.00019964593801 0.612629330722 0.00019964414161 0.385773562207 0.000199633213374 0.000199643146399 0.000199635961629 0.000199628895381 0.000199636542842 
3.73077936708e-05 3.73084253746e-05 3.7309618881e-05 3.73100106739e-05 3.73111780112e-05 3.73079867198e-05 3.7309796452e-05 3.73100518397e-05 3.73095211589e-05 0.999664215617 
7.56622828612e-05 0.0901752935508 0.0599022830639 0.849392805976 7.56565520285e-05 7.56612499079e-05 7.56624858134e-05 7.56618564109e-05 7.56559072345e-05 7.56570747455e-05 
7.27953920833e-05 7.27965825215e-05 7.27964526277e-05 7.27959557045e-05 7.27964746525e-05 7.27995662975e-05 0.75375658369 7.27970855989e-05 7.27965755396e-05 0.245661042225 
0.0451812466331 0.0617154757069 2.42059031029e-05 0.000772720409806 0.474169653646 0.0472642274133 2.42066393236e-05 2.42073182171e-05 0.356642975682 0.0141810806481 
0.000237027500321 0.000237021861393 0.0785824377238 0.855283887202 0.037824532064 0.000237028581294 0.000237032346096 0.0268869885701 0.000237023515758 0.00023702063473 
0.0180275824634 0.0678007902804 0.000139119768008 0.000139111814096 0.40479619898 0.000139118031118 0.00427319697057 0.00013911508357 0.504406649444 0.00013911716518 
0.0624444541315 9.27813737011e-05 9.27904037747e-05 9.27809316551e-05 9.27789163076e-05 0.853200388988 9.27856332722e-05 9.27843665686e-05 9.27883889239e-05 0.0837056668665 
0.248796317646 0.00010720101617 0.131091383145 0.000107206787123 0.000107201716717 0.0341743206694 0.000107207716807 0.00010720698738 0.000107213746424 0.58529474057 
6.60202018403e-05 0.920609491202 0.00889199280232 6.60220557985e-05 6.60193667154e-05 6.60237602916e-05 0.0700363686003 6.60204872554e-05 6.60190017477e-05 6.60225218039e-05 
0.000153165612765 0.732677254292 0.108206924467 0.000153170540421 0.000153168118118 0.000153168942777 0.158043636851 0.000153174239182 0.000153166365092 0.000153170571226 
5.92891806237e-05 5.92897419123e-05 5.92870417233e-05 5.92894713366e-05 5.92905688755e-05 5.9288388693e-05 0.999466393512 5.92938390777e-05 5.92888507462e-05 5.92894052729e-05 
0.120212654194 0.000124862293758 0.0240765741085 0.691210616708 0.163750987043 0.000124861890467 0.000124860153875 0.000124860096747 0.000124862784474 0.000124860726468 
9.1591930141e-05 0.0256623416952 9.15973212777e-05 9.15939145923e-05 9.15969719671e-05 9.15948731071e-05 0.507922021281 0.333178472858 0.13268759245 9.15967043365e-05 
1.31247137339e-05 0.00222691073143 1.31249824046e-05 0.000971786222207 0.0921062607697 1.31245616485e-05 1.31252718616e-05 0.889184447226 1.31296331193e-05 0.0154449658876 
0.000877491750133 0.000877370899819 0.000877331047602 0.000877406976575 0.13517226522 0.604001390731 0.000877386085398 0.000877396289574 0.000877359893924 0.254684601106 
0.00036501701214 0.00036504933918 0.000365066562007 0.000365046280632 0.899213671636 0.000365018569282 0.000365042975831 0.000365070263456 0.0978660039917 0.000365013370272 
0.000197281093112 0.000197270429701 0.125521652778 0.000197287605768 0.80333468741 0.0369106118484 0.000197275989018 0.000197275391868 0.0330493778705 0.000197279583529 
0.000118794827364 0.000118789304679 0.000118791540524 0.000118792184048 0.000118787716278 0.154266891765 0.00011879860612 0.00011879936753 0.00011879299632 0.844782761693 
5.37446762804e-05 0.305773476419 5.37444741902e-05 5.37445653737e-05 0.202054896631 5.37465866447e-05 5.37467139281e-05 5.37491443699e-05 0.210914191351 0.280934959439 
9.95319250007e-05 0.29609846002 9.95261718509e-05 9.95234537494e-05 9.95266802787e-05 9.95186076731e-05 0.179306210039 9.9528066222e-05 9.95309581204e-05 0.523898644078 
0.000675790027036 0.000675849027721 0.000675773998144 0.0006758557002 0.966973068445 0.000675812165609 0.000675835845176 0.000675824390468 0.000675839767765 0.0276203506329 
9.33917385205e-05 9.33909825949e-05 9.33868179247e-05 9.33937761385e-05 9.339512655e-05 0.999159484531 9.33880328304e-05 9.33881682266e-05 9.33936005997e-05 9.33872255466e-05 
0.000105850210558 0.000105837855794 0.000105837638006 0.000105857724983 0.000105842972396 0.000105850666899 0.000105840505455 0.000105849761162 0.431253992583 0.567899240082 
0.00032795826518 0.000327945660371 0.000327921553499 0.000327919725309 0.00032791043069 0.000327938085266 0.997048574302 0.000327959313655 0.000327938987352 0.000327933676563 
0.197425361672 0.000325821348026 0.000325839946141 0.799968202023 0.000325812626088 0.000325799740907 0.000325798605956 0.000325793712486 0.00032578427608 0.000325786049118 
0.818438083904 0.000142882066684 0.000142883604894 0.147948282342 0.0326134283562 0.000142899107019 0.000142882888983 0.000142884349875 0.000142891628549 0.000142881750897 
4.65666916671e-05 0.123524349901 0.0365575451468 4.65665552616e-05 4.65665535993e-05 0.692338381542 0.0363291395877 4.6567565476e-05 0.111017747217 4.65692383075e-05 
0.196559785127 0.0001269299563 0.000126926843544 0.000126933703144 0.211857091951 0.570781387681 0.000126934450742 0.000126935358744 0.0200401353353 0.000126939592955 
5.84913064532e-05 0.00468777061109 5.84961469321e-05 5.84936659551e-05 5.84963507753e-05 5.84901747069e-05 0.000337824641839 0.0336034179853 5.84938197839e-05 0.961020025297 
0.67065755849 0.000216009587065 0.000216015047181 0.000216019923816 0.327614306295 0.000216024216123 0.000216020909992 0.000216010921732 0.000216026526376 0.000216008082644 
0.000149058759133 0.000149062198999 0.000149075709844 0.000149062212237 0.000149075007294 0.00014906487735 0.998658404566 0.000149060578598 0.000149066487057 0.000149069603556 
0.997478157312 0.00184315449927 8.48349093056e-05 8.48364000697e-05 8.48312325554e-05 8.48380433909e-05 8.48363746212e-05 8.4837764666e-05 8.4831818726e-05 8.48416457455e-05 
8.4995325807e-05 0.1124980504 8.49841943065e-05 8.49826714435e-05 8.49864004879e-05 0.0727742248639 0.175551491893 0.321312917703 0.317438379407 8.49871410542e-05 
0.996384702693 0.000401698860644 0.000401713757159 0.000401739843286 0.000401710777397 0.000401696224231 0.000401685245984 0.00040170025788 0.000401662543587 0.000401689796723 
0.561381374647 0.00019123747137 0.000191245617506 0.000191255641659 0.00019124270982 0.0421657664909 0.000191239618933 0.000191246691417 0.00616006521312 0.389145325898 
0.000378845959334 0.000378868736845 0.000378869170916 0.996590089761 0.000378926772301 0.000378868420164 0.000378890397396 0.000378888059711 0.000378883432676 0.000378869289854 
0.00021191471048 0.0895373831959 0.000211906379848 0.908767276599 0.000211928944153 0.000211924221653 0.000211916836174 0.000211911993636 0.000211912267348 0.000211924851569 
0.253780791248 0.259482596372 8.09317074963e-05 8.09259239799e-05 8.09283334005e-05 8.092383156e-05 8.09219416568e-05 0.424893494768 8.09276060699e-05 0.0613575582684 
7.74122531348e-05 7.74195819678e-05 0.0863020129818 7.7413857281e-05 7.74198351768e-05 7.74177647858e-05 0.655079291557 7.74179022258e-05 0.258076781842 7.74124242677e-05 
0.597908565986 0.0620717299745 4.80657746671e-05 4.80658473561e-05 0.000204963987265 4.80634105219e-05 4.80672803492e-05 4.80672188587e-05 0.339526348133 4.80623866307e-05 
0.000448523822613 0.000448515249321 0.000448503018322 0.00044853816829 0.851187766813 0.000448534497729 0.000448509460229 0.000448503694899 0.145224061759 0.000448543516549 
0.922765841235 0.000173345039084 0.000173346484745 0.000173344469891 0.000173337835957 0.000173348069332 0.000173350533 0.00017334538729 0.000173337492053 0.0758474034541 
0.000277046794893 0.225875971162 0.000277084901906 0.000277063552328 0.000277039072307 0.000277045323848 0.046138499579 0.726046164059 0.000277045596181 0.00027703995787 
0.000149289084691 0.0806611707898 0.000149296918579 0.000149287456331 0.161771151021 0.000149291624775 0.000149287285715 0.269108360016 0.00014929318288 0.48756357262 
0.000552599265747 0.000552573788421 0.000552577059865 0.0447136565036 0.000552624988962 0.950865592132 0.00055257757531 0.000552612415 0.000552584347913 0.00055260192357 
0.000346127029299 0.000346136366676 0.000346116302714 0.122949292101 0.687061248739 0.000346109829665 0.00034609341292 0.000346105507245 0.000346123881977 0.18756664683 
0.0011365974353 0.00113661898899 0.00113656578942 0.00113663063512 0.70329030197 0.12113467368 0.00113663769621 0.00113667176052 0.167618600493 0.00113670155144 
0.118751072732 0.00158749597831 0.00158754004168 0.00158775585194 0.264472856178 0.286345466007 0.00158758057919 0.0015877742011 0.00158772712425 0.320904731307 
0.197671196328 0.000222755901598 0.18319041294 0.000222761579625 0.00757914985306 0.110052874293 0.000222765110168 0.0254000367631 0.000222758956058 0.475215288275 
0.223311717582 6.70360444842e-05 6.70387367392e-05 6.70433680317e-05 0.774917109187 6.70422877234e-05 6.70382169819e-05 6.70378321429e-05 6.70394386429e-05 0.00130189730677 
7.66415187209e-05 7.66496360579e-05 7.66425618938e-05 7.66458666937e-05 0.711614641354 7.66420937434e-05 7.66477971495e-05 0.225804294605 7.66451992583e-05 0.0620445493676 
0.99887053155 0.000125492310103 0.000125496797915 0.000125498526405 0.000125504468485 0.000125496780239 0.000125493162433 0.00012549096897 0.000125498380426 0.000125497054752 
0.000105287077271 0.000105293763655 0.287485893414 0.117526864973 0.592605871873 0.000105296149961 0.00174962292078 0.000105292686458 0.000105289879708 0.000105287263024 
7.8445220109e-05 0.174302850278 0.100997927972 7.84484387873e-05 0.724150075541 7.84458166566e-05 7.84538949271e-05 7.84529516647e-05 7.84521114554e-05 7.84477762285e-05 
9.89310524277e-05 9.89354254107e-05 9.89352456925e-05 9.89390251253e-05 9.89394311648e-05 9.89373837059e-05 0.717857218223 0.0096345130121 0.2718157173 9.89339013841e-05 
4.46925618084e-05 0.807742008247 4.46906629625e-05 4.46910273552e-05 4.46929153496e-05 4.46961741543e-05 0.106907228148 4.46933722105e-05 0.0850379117054 4.46951865869e-05 
0.000246378843712 0.000915454570632 0.000246357592617 0.000246376206803 0.000246383356019 0.000246362643612 0.649721974093 0.290697593488 0.057186749555 0.000246369650955 
0.677576016119 0.000105514581413 0.000105505798968 0.000105506257679 0.000105511377669 0.0855889637346 0.000105513685548 0.000105509546345 0.00542513548226 0.230776823417 
0.0200016280077 0.0200006614577 0.402643074517 0.0200014893496 0.0200008607843 0.0200011246777 0.0200028613817 0.0200015730724 0.437345308295 0.0200014184569 
0.614937393541 0.0734581844957 0.000154120717257 0.0497741187433 0.0662249687756 0.113176656294 0.000154113818267 0.000154127088517 0.000154107747208 0.081812208779 
0.191435654155 0.0716285321139 0.000469579390563 0.000469554519541 0.000469575288279 0.000469582130389 0.000469607267341 0.000469565819925 0.208269778352 0.525848570963 
0.000307742747193 0.000307761995483 0.000307721589362 0.000307728637916 0.00030773194344 0.000307740709188 0.997230285806 0.000307771068417 0.000307778687232 0.000307736815293 
0.047895062881 5.94290844261e-05 5.94312995254e-05 0.512073437952 0.439615489297 5.94305969794e-05 5.94292858445e-05 5.94292630997e-05 5.94289883385e-05 5.94313524308e-05 
5.00340597472e-05 5.00345001061e-05 5.00328904462e-05 5.00339591965e-05 5.00342302119e-05 5.00366311699e-05 5.00374729248e-05 0.999549683327 5.00393864517e-05 5.00335424886e-05 
7.635797212e-05 0.00198959947081 7.63533926023e-05 7.63540196409e-05 0.121673956386 7.63609042399e-05 0.0228777022848 0.173575428747 0.679501535147 7.63516755799e-05 
0.413047598092 0.000200855050776 0.000200839662771 0.000200837846761 0.000200834080133 0.423710667749 0.000200864203268 0.000200852053385 0.000200858807859 0.161835792454 
0.183784903503 0.723982915133 0.0054416824383 7.08898776429e-05 0.00738097548216 0.0760772511236 0.00304870714932 7.089135619e-05 7.08922512109e-05 7.08916849898e-05 
0.00014227232511 0.0231774315631 0.211899266531 0.000142273726873 0.000142264986871 0.000142267776622 0.000142285736456 0.763927387981 0.000142274775186 0.000142274598523 
0.999021033543 0.000107784186709 0.000107789530515 0.00010778898223 0.000116689761006 0.00010778682989 0.00010777885641 0.000107780019443 0.000107792449162 0.000107775841835 
0.000202478159977 0.000202477549759 0.000202488681983 0.000202477632312 0.0986571305552 0.000202488701232 0.00020248543007 0.000202484159157 0.899723002607 0.000202486522781 
0.000183202777249 0.723836843926 0.0945981813966 0.000183190467052 0.000183186650528 0.000183187128957 0.000183195784093 0.18028259793 0.00018319077297 0.000183223166135 
0.000277732513558 0.689433019416 1.30161281608e-05 0.000113599751119 0.000548154860362 1.3015866365e-05 0.305895757296 3.02659085178e-05 1.30154061753e-05 0.00366242285371 
0.652410647852 0.0859846199875 0.0418987741968 0.000230483735918 0.100405598423 0.0608095491537 0.000230468176108 0.000230464844833 0.0575689284881 0.000230465141846 
