0.0125000000949 0.0125000000305 0.0125000000598 0.0125000000106 0.0125000000293 0.397043530989 0.377956468027 0.0125000000704 0.012500000061 0.0125000000343 0.0125 0.0125000000991 0.0125000000224 0.0125000000005 0.0125000000844 0.0125000001846 0.0125000000628 0.012500000009 0.0125000000111 0.0125000001201 
0.00833333333333 0.00833333334397 0.00833333334531 0.00833333334465 0.841666666318 0.00833333334153 0.00833333333333 0.00833333333333 0.00833333333333 0.00833333333333 0.00833333333333 0.00833333333333 0.00833333333333 0.00833333334421 0.00833333333333 0.00833333335794 0.00833333334278 0.00833333347009 0.00833333340882 0.00833333338269 
0.00714285731253 0.00714285755854 0.00714285715069 0.00714285730477 0.00714285720676 0.490345233244 0.00714285718973 0.00714285731575 0.00714285717338 0.00714285743354 0.00714285720223 0.00714285732914 0.00714285719687 0.00714285715288 0.00714285716467 0.00714285724095 0.381083335741 0.0071428575403 0.00714285732093 0.00714285722169 
0.0083333334361 0.00833333337741 0.0083333334089 0.00833333336322 0.00833333343841 0.364516909376 0.00833333356117 0.00833333351762 0.00833333340303 0.00833333342478 0.485483088343 0.00833333354608 0.00833333351659 0.00833333333575 0.00833333341431 0.00833333351093 0.00833333341019 0.0083333334085 0.00833333358855 0.0083333336193 
0.00833333334872 0.00833333333333 0.00833333333333 0.00833333333356 0.00833333333964 0.00833333339716 0.00833333333423 0.00833333333342 0.665784322594 0.00833333334452 0.00833333333351 0.184215676941 0.00833333334388 0.00833333335705 0.00833333333718 0.00833333336119 0.00833333359182 0.00833333333333 0.00833333333825 0.00833333337103 
0.00833333342023 0.00833333334571 0.00833333338151 0.00833333337067 0.00833333335307 0.841666665472 0.00833333346535 0.00833333334147 0.00833333337186 0.00833333353112 0.00833333337007 0.00833333338156 0.00833333345048 0.00833333339334 0.00833333337149 0.00833333342829 0.00833333343059 0.00833333333702 0.0083333333907 0.0083333333934 
0.0125000001579 0.0125000003567 0.0125 0.0125000000079 0.0125000000116 0.762499997451 0.0125000000105 0.0125000000578 0.0125000002352 0.0125000002023 0.0125000000005 0.0125000004512 0.0125000000051 0.0125000000864 0.0125000000244 0.0125000001459 0.0125000006919 0.0125000000545 0.0125 0.0125000000496 
0.010000000172 0.660088176499 0.0100000001006 0.0100000000304 0.0100000001292 0.0100000000276 0.0100000004756 0.0100000000197 0.0100000002795 0.0100000000635 0.0100000004265 0.0100000004114 0.159911819142 0.0100000000537 0.0100000009002 0.0100000003132 0.0100000000041 0.0100000002814 0.0100000002087 0.0100000004609 
0.00625000001715 0.00625000004992 0.00625000009391 0.00625000000144 0.0062500000169 0.00625000002317 0.00625000001456 0.0062500000207 0.00625000000993 0.00625000005438 0.00625000002912 0.881249999502 0.00625000003767 0.00625000000901 0.00625000001227 0.00625000000518 0.00625000001967 0.00625000001828 0.00625000004748 0.00625000001734 
0.0083333334218 0.00833333338755 0.00833333337744 0.00833333335319 0.00833333335089 0.00833333344896 0.00833333345517 0.00833333335017 0.00833333335985 0.00833333335857 0.00833333337315 0.841666665188 0.00833333335845 0.00833333333372 0.00833333339023 0.00833333377177 0.0083333333797 0.00833333333996 0.00833333334094 0.00833333366053 
0.05 0.05 0.05 0.05 0.05 0.05 0.05 0.05 0.05 0.05 0.05 0.05 0.05 0.05 0.05 0.05 0.05 0.05 0.05 0.05 
0.0100000000563 0.01 0.010000000035 0.0100000000062 0.0100000000139 0.0100000000788 0.0100000000908 0.0100000000254 0.0100000000015 0.0100000000002 0.0100000000105 0.0100000000369 0.0100000000131 0.0100000003131 0.0100000001108 0.0100000000786 0.0100000001221 0.0100000000053 0.0100000001058 0.809999998896 
0.0166666666667 0.0166666666667 0.0166666666667 0.0166666666667 0.0166666666667 0.0166666666667 0.0166666666667 0.0166666666667 0.0166666666667 0.0166666666667 0.0166666666667 0.0166666666667 0.0166666666667 0.0166666666667 0.0166666666667 0.0166666666667 0.0166666666667 0.0166666666667 0.0166666666667 0.683333333333 
0.0125000001191 0.0125 0.0125000001345 0.0125 0.0125 0.0125 0.0125000001149 0.0125 0.0125000000394 0.0125 0.0125 0.0125000000442 0.0125 0.762499999548 0.0125 0.0125 0.0125 0.0125 0.0125 0.0125 
0.0166666666667 0.0166666666667 0.683333333099 0.0166666666667 0.0166666666667 0.0166666666667 0.0166666666667 0.0166666666667 0.0166666666667 0.0166666666667 0.0166666669014 0.0166666666667 0.0166666666667 0.0166666666667 0.0166666666667 0.0166666666667 0.0166666666667 0.0166666666667 0.0166666666667 0.0166666666667 
0.00555555557633 0.00555555563892 0.0055555555971 0.894444443559 0.00555555566638 0.00555555563279 0.00555555557038 0.00555555556352 0.00555555557938 0.00555555556314 0.00555555558489 0.00555555556354 0.0055555555993 0.00555555562047 0.00555555558558 0.00555555563659 0.00555555557641 0.00555555567991 0.00555555562014 0.00555555558627 
0.00625000004412 0.00625000003185 0.00625000017756 0.00625000006735 0.00625000009638 0.0062500000737 0.00625000000004 0.00625000000413 0.00625000009603 0.00625000001405 0.00625000057881 0.00625000010892 0.88124999817 0.00625000015814 0.00625000001569 0.00625000001333 0.00625000013953 0.00625000001269 0.0062500000327 0.00625000016508 
0.00714285718111 0.00714285722664 0.00714285719308 0.00714285720458 0.00714285723835 0.00714285720754 0.00714285717375 0.00714285722676 0.00714285715939 0.00714285717787 0.00714285757586 0.00714285719812 0.00714285715268 0.00714285716732 0.00714285716466 0.00714285720355 0.00714285724025 0.00714285732403 0.864285712767 0.00714285721763 
0.0100000000492 0.0100000000792 0.0100000001236 0.0100000001043 0.0100000004219 0.0100000000611 0.010000000018 0.0100000000757 0.0100000000161 0.01 0.01 0.01 0.01 0.010000000081 0.01 0.0100000001832 0.0100000001141 0.0100000012971 0.0100000002956 0.80999999708 
0.00500000005541 0.00500000004933 0.00500000001341 0.0050000000218 0.00500000000018 0.00500000002977 0.0050000000235 0.00500000002721 0.00500000004914 0.005000000024 0.00500000013292 0.00500000003343 0.60749734815 0.302502651183 0.00500000001374 0.0050000000114 0.00500000004167 0.00500000002775 0.00500000008231 0.00500000002952 
0.0125000001192 0.0125 0.0125 0.0125 0.0125 0.0125000002388 0.0125 0.0125 0.0125000005583 0.0125 0.0125000003582 0.0125 0.0125000001076 0.76249999796 0.0125 0.0125 0.0125000003904 0.0125000001024 0.0125000001649 0.0125 
0.86428571315 0.00714285714286 0.00714285718093 0.00714285714933 0.00714285723985 0.0071428572194 0.00714285722477 0.00714285725887 0.00714285718279 0.00714285721668 0.0071428572073 0.00714285714286 0.00714285714286 0.00714285724362 0.00714285718487 0.00714285714286 0.00714285729375 0.00714285718285 0.00714285719134 0.00714285730222 
0.0062500000142 0.00625000011607 0.00625000005272 0.00625000001129 0.00625000006298 0.00625000010418 0.006250000056 0.00625000024449 0.00625000005745 0.00625000007567 0.00625000022869 0.881249997852 0.00625000016989 0.00625000004745 0.00625000001403 0.00625000009034 0.00625000064091 0.00625000003114 0.0062500000545 0.00625000007627 
0.0125 0.0125000000984 0.0125000002325 0.0125000000992 0.0125000000238 0.0125000000016 0.0125000001928 0.0125000000247 0.379316297125 0.0125000001541 0.012500000169 0.0125000000649 0.0125000003031 0.0125000000416 0.395683701101 0.0125000001334 0.0125000000791 0.0125000000763 0.0125 0.0125000000792 
0.0100000000258 0.0100000001667 0.0100000001889 0.0100000000085 0.0100000002127 0.0100000001216 0.0100000001392 0.0100000000601 0.809999997349 0.0100000000567 0.0100000000941 0.0100000009584 0.0100000000615 0.0100000002305 0.0100000001187 0.0100000000289 0.0100000000261 0.0100000000126 0.0100000001032 0.0100000000372 
0.00714285719299 0.00714285722818 0.00714285716197 0.0071428572209 0.00714285719209 0.00714285734892 0.0071428571732 0.00714285737038 0.00714285718264 0.00714285725795 0.00714285728721 0.00714285721962 0.00714285718848 0.864285709825 0.00714285715869 0.00714285736413 0.00714285727751 0.00714285720772 0.00714285995612 0.00714285718624 
0.80999999783 0.01 0.01 0.0100000000751 0.0100000000016 0.0100000000921 0.0100000000048 0.0100000005075 0.0100000000604 0.0100000000797 0.0100000003263 0.0100000004824 0.0100000001443 0.0100000000075 0.01 0.01 0.0100000000626 0.0100000000605 0.01 0.0100000002647 
0.00714285717377 0.00714285718583 0.00714285715633 0.00714285715559 0.00714285719437 0.00714285715208 0.00714285714286 0.0071428571725 0.00714285714286 0.00714285714286 0.00714285714286 0.00714285714286 0.00714285714286 0.00714285715508 0.00714285717799 0.00714285717052 0.00714285715347 0.00714285722015 0.864285713922 0.00714285715349 
0.010000000305 0.0100000000441 0.01 0.0100000000409 0.219207455603 0.0100000002731 0.600792538486 0.0100000000322 0.0100000001137 0.0100000000095 0.01000000408 0.0100000003709 0.0100000001569 0.0100000000003 0.0100000002167 0.0100000000161 0.0100000001386 0.0100000000518 0.0100000000094 0.0100000000517 
0.00625000004833 0.0062500001497 0.00625 0.00625000000083 0.00625000008241 0.00625000003972 0.0062500000562 0.0062500000257 0.00625000002766 0.00625000003735 0.00625000001935 0.00625000000454 0.00625000002187 0.00625000009872 0.00625000016727 0.00625000007269 0.00625000009275 0.00625000002891 0.00625000019841 0.881249998828 
0.00714285716676 0.00714285722919 0.00714285721737 0.00714285718367 0.00714285714286 0.00714285715383 0.00714285718721 0.0071428571725 0.0071428571515 0.00714285721021 0.0071428572633 0.00714285717015 0.0071428572245 0.00714285716678 0.00714285717785 0.00714285717052 0.00714285730915 0.00714285716942 0.864285713363 0.00714285717041 
0.00555555572479 0.00555555576806 0.00555555557394 0.00555555556406 0.00555555557317 0.00555555567017 0.00555555557242 0.00555555562729 0.00555555566686 0.89444444281 0.00555555561249 0.00555555559394 0.00555555557373 0.00555555563206 0.00555555568225 0.00555555557054 0.0055555556076 0.00555555594126 0.00555555561646 0.00555555561869 
0.0100000000282 0.0100000000712 0.0100000000383 0.01 0.0100000002362 0.01 0.809999998557 0.0100000000088 0.0100000000227 0.0100000000319 0.0100000000154 0.0100000000846 0.0100000001223 0.0100000002574 0.0100000001149 0.0100000002807 0.0100000000637 0.0100000000088 0.0100000000218 0.0100000000357 
0.00625 0.00625000010771 0.00625000003926 0.00625 0.00625000001812 0.00625000001155 0.00625000001322 0.00625000004761 0.0062500001113 0.00625000000233 0.00625000003417 0.00625000002917 0.0062500000548 0.00625 0.00625000000525 0.00625000002939 0.00625000000377 0.881249999429 0.00625000003374 0.00625000002927 
0.00625000002924 0.00625000005095 0.0062500000092 0.0062500000018 0.00625000008367 0.00625000009583 0.00625000001118 0.00625000008298 0.00625 0.0062500000331 0.00625000009197 0.00625000002029 0.00625000003661 0.00625000002163 0.881249999278 0.00625000001888 0.00625000000725 0.00625000008969 0.00625000003047 0.00625000000726 
0.00833333334226 0.00833333334739 0.00833333334352 0.00833333333888 0.00833333335645 0.00833333340461 0.00833333336893 0.00833333336255 0.841666666192 0.00833333339431 0.0083333333982 0.00833333336448 0.00833333334964 0.00833333335982 0.00833333334631 0.00833333335458 0.00833333335558 0.00833333333915 0.00833333334353 0.00833333333769 
0.00833333352819 0.00833333334676 0.00833333333352 0.00833333334393 0.00833333338977 0.00833333337598 0.00833333342139 0.00833333333361 0.00833333341945 0.00833333334001 0.841666664892 0.00833333334742 0.00833333337682 0.0083333334113 0.00833333420024 0.00833333338033 0.00833333340328 0.00833333339375 0.00833333336263 0.00833333339988 
0.00714285723153 0.00714285717643 0.00714285715445 0.00714285714304 0.00714285730062 0.00714285725208 0.864285713677 0.00714285717052 0.0071428571434 0.00714285717412 0.00714285718181 0.00714285716828 0.00714285714361 0.00714285714286 0.00714285714286 0.00714285714939 0.00714285719339 0.00714285715691 0.00714285715171 0.00714285714632 
0.00714285714286 0.00714285714286 0.00714285715741 0.00714285714286 0.00714285714286 0.00714285716867 0.864285714143 0.00714285717487 0.00714285714286 0.00714285714286 0.00714285714286 0.00714285714286 0.00714285715266 0.00714285714286 0.00714285715744 0.00714285714286 0.00714285714286 0.00714285714286 0.00714285717764 0.00714285715434 
0.00833333339776 0.00833333336514 0.00833333334549 0.00833333333958 0.00833333336934 0.00833333340231 0.00833333364935 0.00833333334502 0.00833333337495 0.00833333336732 0.00833333339197 0.00833333335355 0.841666665615 0.00833333337186 0.0083333333977 0.00833333345361 0.00833333335068 0.00833333338324 0.00833333334676 0.00833333337973 
0.0125000002675 0.0125 0.0125000001343 0.0125 0.0125 0.762499998564 0.0125 0.0125 0.0125000001355 0.0125 0.0125 0.0125000001518 0.0125 0.0125000002837 0.0125000004633 0.0125 0.0125 0.0125 0.0125 0.0125 
0.00833333335318 0.00833333333333 0.00833333333333 0.00833333333333 0.00833333338597 0.008333333415 0.00833333338296 0.00833333368386 0.00833333333461 0.00833333333333 0.00833333333333 0.00833333333333 0.00833333333333 0.00833333340643 0.00833333333333 0.0083333333511 0.84166666602 0.00833333333333 0.00833333333333 0.00833333333333 
0.05 0.05 0.05 0.05 0.05 0.05 0.05 0.05 0.05 0.05 0.05 0.05 0.05 0.05 0.05 0.05 0.05 0.05 0.05 0.05 
0.00625000002241 0.00625000002754 0.0062500000638 0.00625000002351 0.00625000009342 0.00625000006211 0.00625000008879 0.00625000004833 0.0062500000853 0.44424162745 0.00625000007588 0.00625000005411 0.00625000019268 0.00625000001377 0.00625000002211 0.00625000006721 0.443258371441 0.00625000005642 0.00625000002619 0.0062500000856 
0.00714285724969 0.00714285722846 0.00714285717584 0.00714285719611 0.00714285725623 0.00714285728678 0.00714285720887 0.00714285718392 0.00714285716954 0.864285712778 0.00714285725468 0.00714285725172 0.00714285728352 0.00714285719694 0.00714285719797 0.00714285715152 0.00714285717201 0.00714285743927 0.00714285717089 0.0071428571483 
0.00714285730067 0.00714285755295 0.00714285714559 0.00714285724446 0.0071428573682 0.00714286223244 0.00714285726592 0.0071428571652 0.00714285724481 0.00714285722312 0.864285706526 0.00714285737038 0.00714285751707 0.00714285728672 0.0071428571658 0.00714285736138 0.00714285733087 0.00714285714754 0.00714285732962 0.00714285722094 
0.0100000000149 0.0100000000216 0.0100000000491 0.0100000000248 0.0100000000355 0.0100000000967 0.0100000000867 0.010000000028 0.809999998832 0.0100000000567 0.0100000001975 0.0100000001754 0.0100000000841 0.0100000000407 0.0100000000644 0.0100000000437 0.0100000000772 0.0100000000104 0.0100000000536 0.0100000000069 
0.00833333340199 0.00833333343815 0.00833333334604 0.00833333342703 0.00833333349026 0.00833333339582 0.00833333335512 0.00833333338013 0.00833333335771 0.00833333364156 0.00833333337526 0.0083333334332 0.193704684026 0.00833333340538 0.00833333342638 0.00833333337134 0.656295314546 0.00833333341749 0.00833333340498 0.00833333336011 
0.0166666667014 0.0166666666735 0.0166666666765 0.0166666666667 0.0166666666667 0.016666666762 0.0166666667226 0.0166666666667 0.0166666668432 0.0166666671517 0.0166666666859 0.0166666666873 0.683333331863 0.0166666667189 0.0166666666667 0.0166666669217 0.01666666674 0.0166666667711 0.016666666743 0.0166666666719 
0.025 0.025 0.025 0.025 0.025 0.025 0.025 0.025 0.025 0.525 0.025 0.025 0.025 0.025 0.025 0.025 0.025 0.025 0.025 0.025 
0.00833333349352 0.0083333334178 0.00833333333333 0.00833333356535 0.00833333334476 0.00833333344542 0.00833333336529 0.00833333342157 0.00833333349215 0.00833333339597 0.00833333337168 0.00833333337744 0.00833333344605 0.00833333334311 0.00833333750181 0.00833333340876 0.00833333337443 0.84166666117 0.00833333339567 0.00833333333539 
0.0071428571729 0.00714285720719 0.00714285717195 0.00714285724794 0.00714285715918 0.00714285720436 0.00714285722916 0.00714285716281 0.00714285721652 0.00714285727125 0.0071428571808 0.00714285742512 0.00714285768907 0.00714285717394 0.864285712392 0.00714285722393 0.00714285721973 0.00714285716127 0.00714285720643 0.00714285728416 
0.00833333343978 0.00833333339507 0.00833333337318 0.00833333355096 0.00833333337345 0.00833333347943 0.00833333342131 0.00833333346098 0.00833333341811 0.0083333334395 0.00833333348368 0.00833333343584 0.00833333355001 0.00833333333518 0.00833334162333 0.00833333352558 0.00833333353601 0.841666656335 0.0083333334168 0.00833333340663 
0.00833333336022 0.00833333336856 0.00833333348995 0.00833333347415 0.00833333335454 0.00833333333932 0.0083333335607 0.0083333333483 0.00833333339895 0.0083333333731 0.00833333334636 0.00833333334834 0.00833333333333 0.0083333333334 0.841666665673 0.00833333336954 0.00833333339819 0.00833333334675 0.00833333337548 0.00833333340791 
0.0125 0.012500000074 0.0125000000214 0.0125000000202 0.0125000000818 0.0125000000146 0.0125 0.0125 0.012500000047 0.0125 0.0125 0.0125 0.0125 0.0125000000194 0.0125 0.0125000000439 0.0125000000169 0.762499999544 0.0125000000511 0.0125000000657 
0.00714285716916 0.00714285719145 0.00714285715133 0.00714285715224 0.00714285738297 0.00714285721312 0.00714285744592 0.00714285725069 0.00714285719159 0.00714285727303 0.864285712589 0.00714285733603 0.00714285745972 0.00714285720075 0.00714285717482 0.00714285719977 0.00714285715189 0.00714285716849 0.00714285715031 0.00714285714734 
0.00714285758154 0.00714285725724 0.00714285714286 0.00714285714476 0.00714285717216 0.0071428573573 0.00714285717214 0.00714285727972 0.00714285726036 0.00714285725281 0.00714285723073 0.574082012957 0.007142857207 0.0071428571435 0.00714285728359 0.007142857255 0.00714285726705 0.00714285744558 0.00714285723688 0.297346556352 
0.00833333333333 0.00833333333451 0.00833333336143 0.00833333334358 0.00833333337482 0.00833333336466 0.00833333333333 0.00833333334254 0.00833333334543 0.841666665368 0.00833333333333 0.00833333347417 0.00833333403728 0.00833333338471 0.0083333333792 0.00833333343835 0.00833333335548 0.00833333333333 0.00833333336745 0.00833333339515 
0.00625000014525 0.00625000015252 0.00625000025887 0.00625000002456 0.00625000023622 0.00625000023307 0.00625000032865 0.00625000013231 0.00625000005963 0.00625000007213 0.00625000017606 0.00625000015211 0.537053829373 0.00625000013807 0.00625000009943 0.00625000019337 0.00625000013284 0.00625000002535 0.350446167831 0.00625000023526 
0.00833333333333 0.00833333351876 0.00833333339147 0.00833333333333 0.00833333333333 0.00833333337312 0.00833333333333 0.00833333346126 0.00833333337878 0.00833333333333 0.0083333380822 0.00833333333333 0.00833333337252 0.0083333333861 0.00833333333333 0.00833333338073 0.00833333351093 0.00833333339208 0.00833333352593 0.841666660893 
0.00833333333377 0.00833333334226 0.0083333333845 0.00833333352336 0.841666664612 0.00833333340788 0.00833333335337 0.00833333338785 0.00833333344238 0.00833333344199 0.00833333347195 0.00833333362939 0.00833333334649 0.00833333395279 0.00833333340133 0.00833333338734 0.00833333344882 0.00833333333333 0.00833333338252 0.00833333341685 
0.0125000000259 0.0125000000897 0.0125000000491 0.0125000001149 0.0125000000453 0.0125000000881 0.762499997263 0.0125000001065 0.0125000000395 0.0125000014333 0.0125000000349 0.012500000114 0.0125000001461 0.0125000001694 0.0125000000213 0.0125000000163 0.0125000000337 0.0125000000537 0.0125000001329 0.0125000000219 
0.010000000083 0.010000000049 0.0100000000284 0.0100000000233 0.0100000000247 0.0100000000227 0.0100000000168 0.0100000000057 0.0100000000072 0.010000000009 0.0100000000162 0.0100000000455 0.0100000001364 0.0100000000177 0.0100000000085 0.0100000000007 0.0100000001262 0.0100000000689 0.809999999304 0.0100000000062 
0.00625 0.00625000006198 0.00625000004837 0.00625000006596 0.00625000003161 0.881249999013 0.00625000010312 0.00625 0.00625 0.0062500000135 0.00625 0.00625000000196 0.00625000000908 0.00625000008245 0.00625000018264 0.00625000002765 0.00625000009879 0.00625000001024 0.00625 0.00625000024916 
0.00625000005312 0.0062500000516 0.00625000014258 0.00625000000088 0.00625 0.00625000008986 0.00625000002086 0.00625000002082 0.00625 0.00625000006321 0.881249998905 0.00625000006684 0.00625000012037 0.00625000017483 0.00625000003239 0.00625000002561 0.00625000002677 0.00625000001851 0.00625000016737 0.0062500000192 
0.00625000000966 0.00625000007017 0.00625000008151 0.00625000001175 0.00625000014735 0.00625000000854 0.00625000000104 0.00625000002669 0.00625000005827 0.0062500000851 0.00625000000026 0.00625000003012 0.00625000005172 0.00625000003582 0.00625000001097 0.00625 0.00625000004904 0.881249999254 0.00625 0.00625000006771 
0.00625000008431 0.00625000002836 0.00625000001653 0.00625000004356 0.00625000001028 0.00625000003483 0.00625000001159 0.00625000006506 0.00625000009941 0.00625000012892 0.881249998161 0.00625000012548 0.00625000001769 0.00625000001422 0.00625000001116 0.00625000005288 0.00625000007411 0.00625000100033 0.00625000000648 0.00625000001412 
0.0100000000058 0.0100000001232 0.0100000000434 0.0100000001207 0.0100000001186 0.0100000001826 0.0100000002792 0.010000000122 0.010000000274 0.01 0.0100000002491 0.0100000000683 0.0100000007243 0.0100000000261 0.0100000001456 0.0100000000316 0.809999997296 0.0100000001597 0.0100000000042 0.0100000000261 
0.05 0.05 0.05 0.05 0.05 0.05 0.05 0.05 0.05 0.05 0.05 0.05 0.05 0.05 0.05 0.05 0.05 0.05 0.05 0.05 
0.00833333339309 0.00833333335423 0.00833333333333 0.0083333334132 0.00833333348924 0.00833333343222 0.841666665001 0.00833333342218 0.00833333340476 0.00833333334724 0.00833333347903 0.00833333333333 0.0083333333786 0.0083333336614 0.00833333338504 0.00833333336533 0.00833333350877 0.00833333333333 0.00833333352117 0.00833333344393 
0.0100000000659 0.01 0.01 0.809999998307 0.01 0.01 0.01 0.0100000005373 0.01 0.0100000001492 0.0100000001426 0.0100000001642 0.0100000000502 0.0100000000676 0.01 0.01 0.0100000000587 0.0100000000566 0.01 0.0100000004002 
0.0250000000047 0.0250000000091 0.0250000004792 0.025 0.025 0.0250000004065 0.0250000001578 0.0250000000048 0.025 0.025 0.0250000001366 0.025 0.0250000004828 0.025 0.025 0.025 0.025 0.0250000004606 0.025 0.524999997858 
0.0100000000257 0.0100000000246 0.0100000000214 0.01 0.0100000000004 0.0100000000315 0.0100000000611 0.010000000157 0.0100000019528 0.01 0.0100000000403 0.809999997395 0.0100000000514 0.0100000000211 0.0100000000041 0.01 0.0100000000554 0.0100000000003 0.0100000001581 0.0100000000005 
0.00555555872281 0.00555555569024 0.00555555560633 0.0055555556639 0.00555555564106 0.00555555556848 0.00555555559235 0.00555555566595 0.00555555564792 0.0055555556618 0.00555555559894 0.00555555559366 0.00555555559172 0.0055555555727 0.0055555555646 0.00555555561368 0.00555555559071 0.00555555564515 0.00555555569191 0.894444440076 
0.0100000001053 0.809999998574 0.0100000000948 0.01 0.0100000002264 0.0100000000377 0.0100000000809 0.0100000001239 0.0100000000606 0.0100000000175 0.0100000000835 0.0100000001178 0.0100000001256 0.01 0.0100000001009 0.0100000000265 0.0100000000357 0.0100000001718 0.0100000000161 0.0100000000011 
0.010000000045 0.0100000000629 0.0100000000346 0.01000000013 0.010000000118 0.010000000251 0.0100000001425 0.0100000001235 0.0100000003316 0.0100000001565 0.0100000002992 0.0100000003403 0.0100000000931 0.0100000001385 0.010000000154 0.0100000001315 0.809999997273 0.0100000000851 0.0100000000475 0.0100000000426 
0.00833333338481 0.00833333335306 0.00833333339432 0.00833333338829 0.00833333336927 0.0083333334207 0.00833333333372 0.00833333339077 0.00833333334558 0.00833333344387 0.0083333334171 0.00833333341216 0.00833333360572 0.00833333334404 0.00833333340156 0.0083333334583 0.841666664287 0.0083333334548 0.00833333446128 0.0083333333337 
0.00833333338478 0.00833333342697 0.0083333333627 0.00833333333333 0.00833333334794 0.00833333334437 0.00833333333333 0.00833333347531 0.00833333333461 0.0083333333342 0.00833333345395 0.00833333334755 0.00833333360032 0.00833333333333 0.00833333333435 0.00833333340113 0.841666665814 0.00833333333333 0.00833333333333 0.00833333337068 
0.0100000000116 0.0100000000486 0.0100000000519 0.01 0.010000000079 0.010000000235 0.0100000000569 0.0100000000368 0.0100000000882 0.0100000000123 0.0100000001326 0.0100000001764 0.809999998298 0.0100000000614 0.0100000000092 0.0100000002692 0.0100000001497 0.0100000001013 0.0100000001228 0.0100000000596 
0.01 0.0100000001585 0.01 0.0100000000352 0.0100000000001 0.0100000000255 0.01 0.01 0.0100000000057 0.0100000000373 0.0100000000008 0.0100000003321 0.0100000000911 0.010000000081 0.0100000000496 0.010000000035 0.809999998976 0.0100000000283 0.0100000001437 0.0100000000002 
0.05 0.05 0.05 0.05 0.05 0.05 0.05 0.05 0.05 0.05 0.05 0.05 0.05 0.05 0.05 0.05 0.05 0.05 0.05 0.05 
0.00833333333333 0.00833333333463 0.00833333337714 0.00833333344064 0.00833333341244 0.00833333337818 0.00833333337643 0.00833333346589 0.00833333354479 0.00833333346443 0.00833333333333 0.00833333333333 0.00833333336735 0.841666665522 0.00833333346443 0.00833333337332 0.00833333340016 0.00833333337172 0.00833333333333 0.00833333337359 
0.00555555563639 0.0055555555904 0.53535843425 0.0055555556322 0.00555555567014 0.364641564659 0.00555555559423 0.00555555557662 0.00555555562814 0.00555555564942 0.00555555558324 0.00555555562871 0.00555555569748 0.00555555561066 0.00555555561126 0.00555555560834 0.00555555562075 0.00555555557685 0.00555555560079 0.00555555557531 
0.00625000002222 0.00625000000015 0.00625000002601 0.00625000018424 0.00625000004844 0.00625000012902 0.00625000006665 0.00625000001537 0.881249998706 0.00625000005607 0.00625000001855 0.00625000018874 0.00625000002733 0.00625000015272 0.00625000001483 0.00625000002572 0.00625000019854 0.00625000003267 0.00625000003795 0.00625000004927 
0.0100000000727 0.0100000000276 0.0100000000839 0.0100000000288 0.0100000000144 0.0100000000693 0.0100000000702 0.0100000000793 0.0100000000121 0.0100000000662 0.0100000000657 0.0100000000735 0.010000000205 0.0100000001152 0.809999998673 0.0100000001792 0.0100000000761 0.0100000000551 0.01 0.0100000000323 
0.00833333355298 0.00833333333333 0.0083333334406 0.00833333340357 0.00833333345924 0.0083333333842 0.841666665309 0.0083333333509 0.00833333334906 0.00833333333333 0.00833333334863 0.0083333333795 0.00833333333333 0.00833333344947 0.00833333338709 0.00833333333333 0.00833333333381 0.00833333342557 0.00833333340188 0.00833333369098 
0.0125000000051 0.0125000000696 0.012500000038 0.0125000002268 0.0125000000367 0.0125000003967 0.762499995666 0.0125000000006 0.0125000000042 0.0125000000784 0.0125 0.0125000015165 0.0125000001157 0.012500000089 0.0125000000409 0.01250000047 0.0125000000092 0.012500000298 0.012500000073 0.0125000008657 
0.00500000000711 0.00500000003146 0.00500000003493 0.005 0.00500000001969 0.00500000000776 0.00500000002667 0.00500000002344 0.00500000001941 0.00500000004778 0.00500000004849 0.00500000002913 0.904999999198 0.00500000000288 0.00500000002179 0.00500000002366 0.00500000038801 0.00500000001024 0.00500000001824 0.00500000004111 
0.0100000001082 0.0100000000123 0.0100000000015 0.0100000000824 0.010000000012 0.0100000002222 0.010000000033 0.0100000002163 0.0100000009441 0.0100000000091 0.0100000000809 0.0100000003801 0.0100000003926 0.0100000003696 0.0100000001456 0.0100000001119 0.0100000000049 0.0100000000005 0.809999996622 0.0100000002509 
0.00625000004941 0.00625000003602 0.00625000001145 0.00625000271412 0.00625000005212 0.00625000002958 0.006250000079 0.00625000003246 0.00625000006545 0.881249996546 0.00625000000064 0.00625000007989 0.00625000004032 0.00625000009043 0.00625000004137 0.00625000003331 0.00625000003551 0.00625000003398 0.00625000001754 0.00625000001157 
0.0100000000598 0.0100000000195 0.0100000000037 0.0100000002984 0.0100000000494 0.0100000000524 0.0100000000229 0.0100000000134 0.0100000000354 0.0100000000002 0.0100000000405 0.0100000000098 0.809999999066 0.0100000000595 0.0100000000276 0.010000000116 0.0100000000249 0.0100000000408 0.010000000012 0.0100000000482 
0.00625000011734 0.006250000058 0.00625 0.00625 0.00625 0.00625 0.00625000000971 0.00625000003438 0.0062500000092 0.00625000003147 0.00625 0.00625000005345 0.0062500000413 0.00625000008438 0.00625000003147 0.00625000007343 0.00625000004262 0.881249999372 0.00625 0.0062500000408 
0.00833333337388 0.00833333348626 0.841666665796 0.00833333333333 0.00833333348262 0.00833333336468 0.00833333333333 0.00833333344911 0.00833333334676 0.00833333335104 0.00833333346514 0.00833333333333 0.00833333339899 0.00833333333336 0.00833333333333 0.00833333333333 0.00833333336983 0.00833333335566 0.00833333333333 0.00833333342699 
0.05 0.05 0.05 0.05 0.05 0.05 0.05 0.05 0.05 0.05 0.05 0.05 0.05 0.05 0.05 0.05 0.05 0.05 0.05 0.05 
0.00555555575405 0.00555555558335 0.894444443169 0.00555555566142 0.00555555557343 0.00555555572183 0.00555555558387 0.0055555555585 0.0055555556011 0.00555555563718 0.0055555556655 0.00555555560163 0.00555555562772 0.00555555555556 0.00555555560342 0.00555555555614 0.00555555564025 0.00555555563091 0.00555555561367 0.00555555566109 
0.01 0.010000000051 0.0100000000575 0.809999999762 0.01 0.01 0.01 0.01 0.01 0.01 0.01 0.01 0.0100000000387 0.01 0.01 0.01 0.0100000000453 0.01 0.01 0.0100000000453 
0.0166666678401 0.0166666666676 0.016666666848 0.0166666671746 0.0166666667569 0.0166666667748 0.0166666677216 0.0166666667327 0.0166666666707 0.0166666668832 0.0166666666667 0.0166666667725 0.0166666668243 0.683333329523 0.0166666667048 0.0166666666667 0.0166666666667 0.0166666667365 0.0166666667012 0.0166666666672 
0.00714285721255 0.00714285741583 0.00714285718525 0.00714285718292 0.00714285729235 0.00714285716204 0.00714285717906 0.00714285728519 0.00714285715428 0.00714285738041 0.00714285785623 0.0071428572219 0.00714285744508 0.00714285714286 0.00714285725458 0.00714285717749 0.00714286477677 0.864285704025 0.00714285731095 0.00714285733905 
0.00833333353591 0.00833333340477 0.00833333333333 0.00833333338819 0.00833333333333 0.00833333334866 0.00833333340203 0.00833333333333 0.00833333344765 0.00833333333333 0.00833333344453 0.00833333347602 0.00833333335846 0.00833333355816 0.00833333333502 0.00833333333333 0.00833333333333 0.0083333333775 0.0083333334721 0.841666665451 
0.00833333337969 0.00833333335562 0.00833333334036 0.00833333340238 0.00833333333667 0.841666665774 0.00833333342323 0.00833333337169 0.00833333334265 0.00833333333372 0.00833333344199 0.0083333333663 0.00833333354285 0.00833333335692 0.0083333333428 0.00833333336058 0.0083333334154 0.00833333336759 0.00833333341235 0.00833333333337 
0.05 0.05 0.05 0.05 0.05 0.05 0.05 0.05 0.05 0.05 0.05 0.05 0.05 0.05 0.05 0.05 0.05 0.05 0.05 0.05 
0.00833333346652 0.00833333333333 0.00833333333333 0.00833333333333 0.00833333348482 0.00833333333333 0.00833333343248 0.00833333333333 0.00833333335035 0.00833333335578 0.00833333337636 0.00833333350778 0.00833333337246 0.00833333340635 0.00833333333333 0.00833333335108 0.00833333333333 0.00833333337749 0.00833333337735 0.841666665808 
0.00714285714286 0.00714285714286 0.00714285714678 0.00714285717177 0.00714285714286 0.00714285714359 0.00714285714286 0.00714285716129 0.864285713989 0.00714285715563 0.00714285714376 0.0071428571537 0.00714285715885 0.00714285714389 0.00714285717414 0.00714285714286 0.00714285718845 0.00714285714286 0.00714285714286 0.00714285726962 
0.00714285714901 0.00714285714286 0.00714285714286 0.00714285714286 0.00714285714286 0.00714285717272 0.00714285714286 0.00714285714286 0.00714285714286 0.00714285714286 0.00714285714303 0.00714285714286 0.00714285714286 0.00714285723173 0.00714285714286 0.00714285714286 0.00714285718746 0.864285714108 0.00714285714852 0.00714285714501 
0.00714285718789 0.00714285718109 0.00714285716974 0.00714285719329 0.00714285719776 0.00714285719466 0.00714285715339 0.007142857238 0.00714285717592 0.00714285715651 0.0071428628861 0.00714285716609 0.864285707669 0.00714285718808 0.00714285715614 0.00714285723646 0.00714285722076 0.00714285716917 0.00714285719994 0.0071428572597 
0.00625000004674 0.00625000000199 0.00625000000126 0.00625000005853 0.00625000001205 0.00625000006156 0.00625000000687 0.00625000000013 0.00625000000311 0.00625000000006 0.00625000006102 0.00625000000333 0.881249999434 0.00625000004732 0.00625000000936 0.00625000003935 0.00625000009102 0.00625000003262 0.00625000007336 0.00625000001625 
0.00714285714937 0.00714285720345 0.00714285716069 0.00714285728508 0.00714285719261 0.00714285716471 0.00714285725176 0.00714285733141 0.00714285717127 0.864285712503 0.00714285727127 0.00714285746468 0.00714285727518 0.00714285717013 0.00714285724821 0.00714285717839 0.00714285717353 0.00714285714821 0.00714285748374 0.00714285717365 
0.0166666666701 0.0166666672001 0.016666666831 0.0166666667336 0.0166666669375 0.0166666667028 0.0166666666667 0.0166666666667 0.0166666668061 0.0166666666872 0.0166666668318 0.0166666677833 0.0166666666763 0.0166666669906 0.0166666666667 0.0166666669036 0.0166666669466 0.0166666669144 0.0166666666667 0.683333329718 
0.00833333343623 0.00833333333333 0.00833333333333 0.00833333333333 0.00833333345102 0.00833333337311 0.00833333338295 0.0083333334255 0.00833333340016 0.00833333335581 0.00833333337628 0.00833333345136 0.00833333333333 0.00833333336618 0.00833333333333 0.00833333337938 0.841666665809 0.00833333337755 0.00833333338693 0.00833333336189 
0.01 0.0100000009741 0.0100000002135 0.01 0.0100000027191 0.0100000001247 0.01 0.0100000000597 0.0100000000651 0.809999995003 0.0100000003914 0.0100000000618 0.0100000002676 0.0100000000284 0.01 0.01 0.0100000000016 0.0100000000888 0.01 0.0100000000007 
0.00833333337225 0.00833333333715 0.00833333333576 0.00833333333566 0.00833333338022 0.00833333349947 0.00833333336891 0.00833333342068 0.00833333333931 0.00833333333346 0.00833333334056 0.00833333333973 0.841666666047 0.00833333337155 0.00833333335129 0.00833333340887 0.00833333334168 0.00833333337225 0.00833333333954 0.0083333333645 
0.00833333343091 0.00833333333387 0.00833333335627 0.00833333344858 0.00833333335218 0.00833333335276 0.0083333333794 0.841666665143 0.0083333334028 0.00833333348257 0.00833333345711 0.00833333333478 0.00833333342135 0.00833333333333 0.00833333335419 0.00833333352755 0.00833333349192 0.00833333357797 0.00833333333333 0.00833333348659 
0.00555555558621 0.00555555580958 0.00555555576558 0.00555555556229 0.00555555576634 0.00555555562327 0.00555555562884 0.894444442694 0.00555555562161 0.00555555568463 0.0055555557522 0.00555555565191 0.00555555569588 0.0055555555636 0.00555555556073 0.0055555555903 0.00555555560847 0.00555555563479 0.00555555561757 0.00555555558258 
0.0125000000544 0.0125000000004 0.0125000000015 0.0125000000792 0.0125000000129 0.0125000000133 0.0125000000316 0.0125000004372 0.0125000000368 0.0125000001025 0.012500000085 0.012500000001 0.0125000000355 0.0125 0.0125000000143 0.76249999878 0.0125000000706 0.012500000168 0.0125 0.012500000076 
0.0100000000621 0.0100000000266 0.0100000001075 0.0100000000157 0.0100000000484 0.010000000064 0.0100000000005 0.0100000000915 0.0100000000165 0.809999998302 0.0100000001128 0.0100000001089 0.010000000314 0.0100000000811 0.0100000002538 0.0100000001194 0.010000000151 0.0100000000741 0.0100000000495 0.0100000000005 
0.05 0.05 0.05 0.05 0.05 0.05 0.05 0.05 0.05 0.05 0.05 0.05 0.05 0.05 0.05 0.05 0.05 0.05 0.05 0.05 
0.0100000000363 0.0100000001013 0.0100000000529 0.0100000000048 0.0100000001176 0.0100000000516 0.0100000003858 0.010000000164 0.0100000001614 0.0100000000737 0.0100000001417 0.809999998007 0.0100000002307 0.0100000000651 0.0100000001065 0.0100000000245 0.0100000001026 0.010000000049 0.0100000001237 0.01 
0.01 0.0100000001018 0.01 0.01 0.01 0.01 0.01 0.01 0.01 0.01 0.01 0.01 0.809999999898 0.01 0.01 0.01 0.01 0.01 0.01 0.01 
0.0062500000112 0.00625000004846 0.00625000002711 0.88124999933 0.00625000001339 0.00625000001855 0.00625000011856 0.00625000007493 0.00625000001055 0.00625000005778 0.00625000006159 0.00625 0.00625000003531 0.00625000004501 0.00625000006141 0.00625000000879 0.00625000000997 0.00625000000157 0.0062500000299 0.00625000003584 
0.00625 0.00625 0.00625000006039 0.00625000011059 0.00625000002814 0.00625000002066 0.00625000680116 0.00625 0.00625000002294 0.00625000000088 0.00625000006644 0.00625 0.00625 0.0062500000274 0.00625000003026 0.881249992609 0.00625000011521 0.0062500000548 0.00625000002785 0.00625000002382 
0.00714285730479 0.00714285718972 0.00714285715985 0.00714285716618 0.00714285731705 0.00714285733278 0.00714285727427 0.007142857246 0.00714285728016 0.00714285723082 0.00714285741497 0.00714285744343 0.864285712258 0.00714285723529 0.00714285721005 0.00714285718579 0.00714285723086 0.00714285716542 0.00714285717618 0.00714285717845 
0.00714285714385 0.00714285721742 0.0071428572132 0.00714285726175 0.00714285726859 0.00714285715848 0.00714285714304 0.0071428571471 0.00714285724072 0.00714285731703 0.864285713066 0.00714285714286 0.00714285721975 0.0071428572704 0.00714285725881 0.00714285715313 0.00714285718475 0.00714285722189 0.00714285720318 0.00714285716763 
0.05 0.05 0.05 0.05 0.05 0.05 0.05 0.05 0.05 0.05 0.05 0.05 0.05 0.05 0.05 0.05 0.05 0.05 0.05 0.05 
0.00714285714287 0.00714285732653 0.00714285718809 0.00714285719936 0.0071428571997 0.00714285743115 0.00714285719647 0.00714285718491 0.864285712807 0.00714285714286 0.00714285721322 0.00714285727892 0.00714285714286 0.00714285735714 0.007142857236 0.00714285721302 0.00714285716468 0.00714285724625 0.0071428571445 0.00714285718452 
0.00714285724082 0.00714285718133 0.00714285736213 0.00714285716193 0.0071428573214 0.00714285725086 0.0071428571568 0.00714285715994 0.0071428572552 0.0071428571479 0.00714285715163 0.00714285717492 0.00714285714306 0.00714285715744 0.00714285715516 0.00714285715272 0.00714285729505 0.864285713115 0.00714285727391 0.00714285714286 
0.00714285716883 0.864285712369 0.00714285715601 0.00714285718181 0.00714285720411 0.00714285724515 0.00714285729448 0.00714285722981 0.00714285722574 0.00714285758361 0.0071428571915 0.00714285731367 0.00714285731993 0.00714285718576 0.0071428571873 0.00714285716277 0.00714285732153 0.00714285718357 0.00714285726449 0.00714285721067 
0.00625000015842 0.00625000002186 0.00625000003758 0.00625000000355 0.006250000154 0.00625000026924 0.00625000008551 0.00625000008496 0.00625000008838 0.00625000025922 0.00625000012754 0.881249996912 0.00625000031373 0.00625000010284 0.00625000004608 0.00625000015739 0.00625000013309 0.00625000093785 0.00625000008856 0.00625000001867 
0.0100000000829 0.80999999805 0.0100000000085 0.0100000000912 0.010000000142 0.0100000000246 0.0100000000019 0.0100000000575 0.0100000001168 0.0100000000008 0.0100000000854 0.0100000001212 0.0100000004952 0.0100000003489 0.0100000000252 0.0100000001094 0.0100000000009 0.0100000001974 0.01 0.0100000000407 
0.00714285730166 0.00714285722434 0.00714285714648 0.00714285714592 0.00714285717329 0.00714285725565 0.00714285716203 0.00714285721632 0.00714285715072 0.00714285714304 0.00714285721715 0.0071428573412 0.424003344244 0.00714285721127 0.00714285716651 0.0071428572427 0.447425226116 0.00714285718193 0.00714285717394 0.00714285718606 
0.00833333333669 0.00833333334732 0.00833333333333 0.00833333333603 0.0083333333424 0.0083333333334 0.00833333333333 0.00833333334274 0.00833333333333 0.00833333334912 0.841666666455 0.00833333333577 0.00833333334856 0.00833333333333 0.00833333333714 0.0083333333825 0.00833333334778 0.00833333333551 0.00833333339051 0.00833333334654 
0.0250000000097 0.025 0.025 0.025 0.025 0.025 0.0250000001156 0.025 0.025 0.025 0.025 0.025 0.025 0.524999999875 0.025 0.025 0.025 0.025 0.025 0.025 
0.881249998993 0.00625000007537 0.00625000003376 0.00625000002008 0.00625000006031 0.00625000006881 0.00625000003038 0.00625000004015 0.00625000008021 0.00625000002504 0.0062500000629 0.00625000001524 0.00625000002011 0.00625000007478 0.00625000007295 0.00625000009646 0.00625000002101 0.00625000005339 0.00625000006749 0.00625000008832 
