0.0125 0.0125 0.0125 0.0125 0.0125 0.0125 0.0125 0.0125 0.0125 0.0125 0.0125 0.0125 0.0125 0.0125 0.0125 0.0125 0.0125 0.0125 0.262500000015 0.512499999985 
0.00833333333351 0.0083333333335 0.00833333333352 0.841666666664 0.00833333333349 0.00833333333348 0.00833333333346 0.00833333333344 0.00833333333349 0.00833333333346 0.00833333333347 0.00833333333347 0.00833333333347 0.00833333333349 0.0083333333335 0.00833333333353 0.00833333333353 0.00833333333348 0.00833333333347 0.00833333333352 
0.00714285714295 0.150043119034 0.00714285714295 0.00714285714293 0.00714285714294 0.00714285714293 0.150032308325 0.00714285714291 0.00714285714294 0.00714285714292 0.00714285714293 0.00714285714293 0.00714285714293 0.00714285714294 0.00714285714295 0.00714285714296 0.00714285714296 0.435604543383 0.15003431497 0.00714285714295 
0.00833333333333 0.00833333333333 0.00833333333333 0.00833333333333 0.00833333333333 0.00833333333333 0.00833333333333 0.17499999994 0.00833333333333 0.00833333333333 0.00833333333333 0.00833333333333 0.00833333333333 0.00833333333333 0.00833333333333 0.00833333333333 0.00833333333333 0.00833333333333 0.67500000006 0.00833333333333 
0.00833333333333 0.00833333333333 0.00833333333333 0.00833333333333 0.841666666667 0.00833333333333 0.00833333333333 0.00833333333333 0.00833333333333 0.00833333333333 0.00833333333333 0.00833333333333 0.00833333333333 0.00833333333333 0.00833333333333 0.00833333333333 0.00833333333333 0.00833333333333 0.00833333333333 0.00833333333333 
0.00833333333333 0.00833333333333 0.00833333333333 0.00833333333333 0.175000000006 0.00833333333333 0.175000000004 0.00833333333333 0.00833333333333 0.00833333333333 0.00833333333333 0.341666666638 0.00833333333333 0.00833333333333 0.00833333333333 0.00833333333333 0.00833333333333 0.00833333333333 0.175000000019 0.00833333333333 
0.0125 0.0125 0.0125 0.0125 0.512500000252 0.0125 0.0125 0.0125 0.0125 0.0125 0.0125 0.0125 0.0125 0.0125 0.0125 0.0125 0.0125 0.0125 0.0125 0.262499999748 
0.01 0.01 0.01 0.01 0.01 0.01 0.01 0.01 0.01 0.01 0.01 0.610000000016 0.01 0.01 0.01 0.01 0.01 0.01 0.209999999984 0.01 
0.881249999999 0.00625000000008 0.00625000000008 0.00625000000007 0.00625000000007 0.00625000000006 0.00625000000006 0.00625000000005 0.00625000000007 0.00625000000006 0.00625000000006 0.00625000000006 0.00625000000006 0.00625000000007 0.00625000000008 0.00625000000009 0.00625000000009 0.00625000000007 0.00625000000006 0.00625000000008 
0.00833333333333 0.00833333333333 0.00833333333333 0.00833333333333 0.00833333333333 0.00833333333333 0.00833333333333 0.00833333333333 0.00833333333333 0.00833333333333 0.00833333333333 0.00833333333333 0.00833333333333 0.00833333333333 0.00833333333333 0.00833333333333 0.00833333333333 0.00833333333333 0.175000000039 0.674999999961 
0.05 0.05 0.05 0.05 0.05 0.05 0.05 0.05 0.05 0.05 0.05 0.05 0.05 0.05 0.05 0.05 0.05 0.05 0.05 0.05 
0.0100000000001 0.0100000000001 0.0100000000001 0.0100000000001 0.0100000000001 0.0100000000001 0.0100000000001 0.0100000000001 0.0100000000001 0.0100000000001 0.0100000000001 0.0100000000001 0.0100000000001 0.0100000000001 0.0100000000001 0.0100000000001 0.0100000000001 0.609952111478 0.21004788852 0.0100000000001 
0.0166666666672 0.0166666666672 0.0166666666672 0.0166666666671 0.0166666666671 0.0166666666671 0.016666666667 0.016666666667 0.0166666666671 0.016666666667 0.0166666666671 0.0166666666671 0.0166666666671 0.0166666666671 0.0166666666672 0.683333333325 0.0166666666672 0.0166666666671 0.0166666666671 0.0166666666672 
0.0125000000001 0.0125000000001 0.0125000000001 0.0125000000001 0.0125000000001 0.0125000000001 0.0125000000001 0.0125000000001 0.0125000000001 0.0125000000001 0.0125000000001 0.0125000000001 0.0125000000001 0.0125000000001 0.0125000000001 0.0125000000001 0.0125000000001 0.0125000000001 0.0125000000001 0.762499999998 
0.016666666667 0.016666666667 0.016666666667 0.016666666667 0.016666666667 0.0166666666669 0.0166666666669 0.0166666666669 0.016666666667 0.0166666666669 0.0166666666669 0.0166666666669 0.0166666666669 0.016666666667 0.016666666667 0.0166666666671 0.016666666667 0.683333333328 0.0166666666669 0.016666666667 
0.00555555555567 0.00555555555567 0.00555555555567 0.116714054453 0.00555555555566 0.00555555555565 0.00555555555564 0.783285945546 0.00555555555566 0.00555555555564 0.00555555555565 0.00555555555565 0.00555555555564 0.00555555555566 0.00555555555567 0.00555555555568 0.00555555555568 0.00555555555565 0.00555555555564 0.00555555555568 
0.00625 0.00625 0.756249999966 0.00625 0.00625 0.00625 0.00625 0.131250000034 0.00625 0.00625 0.00625 0.00625 0.00625 0.00625 0.00625 0.00625 0.00625 0.00625 0.00625 0.00625 
0.00714285714292 0.00714285714292 0.00714285714292 0.292923122149 0.00714285714291 0.00714285714291 0.0071428571429 0.00714285714289 0.578505449278 0.0071428571429 0.00714285714291 0.00714285714291 0.0071428571429 0.00714285714291 0.00714285714292 0.00714285714293 0.00714285714292 0.00714285714291 0.0071428571429 0.00714285714292 
0.01 0.01 0.01 0.409999998676 0.01 0.01 0.01 0.01 0.01 0.01 0.410000001324 0.01 0.01 0.01 0.01 0.01 0.01 0.01 0.01 0.01 
0.00500000000003 0.00500000000003 0.00500000000003 0.00500000000003 0.00500000000003 0.00500000000003 0.00500000000002 0.00500000000002 0.00500000000003 0.00500000000002 0.00500000000003 0.00500000000003 0.00500000000003 0.00500000000003 0.00500000000003 0.105017741783 0.804982258216 0.00500000000003 0.00500000000003 0.00500000000003 
0.0125 0.0125 0.0125 0.0125 0.0125 0.0125 0.0125 0.0125 0.0125 0.0125 0.0125 0.0125 0.262499998815 0.0125 0.262500000368 0.0125 0.0125 0.0125 0.0125 0.262500000817 
0.00714285714286 0.00714285714286 0.00714285714286 0.00714285714286 0.00714285714286 0.00714285714286 0.00714285714286 0.00714285714286 0.00714285714286 0.00714285714286 0.864285714286 0.00714285714286 0.00714285714286 0.00714285714286 0.00714285714286 0.00714285714286 0.00714285714286 0.00714285714286 0.00714285714286 0.00714285714286 
0.00625000000012 0.255992994176 0.00625000000013 0.0062500000001 0.131303632198 0.0062500000001 0.00625000000009 0.131286452609 0.00625000000011 0.131293922449 0.0062500000001 0.131298312582 0.0062500000001 0.00625000000011 0.00625000000012 0.00625000000014 0.131324685984 0.0062500000001 0.00625000000009 0.00625000000013 
0.0125 0.0125 0.0125 0.0125 0.0125 0.0125 0.0125 0.0125 0.0125 0.0125 0.0125 0.0125 0.7625 0.0125 0.0125 0.0125 0.0125 0.0125 0.0125 0.0125 
0.0100000000002 0.0100000000002 0.0100000000002 0.0100000000001 0.0100000000002 0.0100000000001 0.0100000000001 0.60993173833 0.0100000000002 0.0100000000001 0.0100000000001 0.210068261667 0.0100000000001 0.0100000000002 0.0100000000002 0.0100000000002 0.0100000000002 0.0100000000001 0.0100000000001 0.0100000000002 
0.00714285714286 0.00714285714286 0.00714285714286 0.00714285714286 0.00714285714286 0.00714285714286 0.00714285714286 0.00714285714286 0.00714285714286 0.00714285714286 0.00714285714286 0.00714285714286 0.00714285714286 0.00714285714286 0.00714285714286 0.00714285714286 0.00714285714286 0.721428571508 0.14999999992 0.00714285714286 
0.0100000000002 0.0100000000002 0.0100000000002 0.0100000000002 0.0100000000002 0.0100000000002 0.0100000000001 0.0100000000001 0.0100000000002 0.0100000000001 0.0100000000002 0.0100000000002 0.0100000000001 0.0100000000002 0.210090593465 0.609909406532 0.0100000000002 0.0100000000002 0.0100000000001 0.0100000000002 
0.721375771324 0.00714285714298 0.00714285714299 0.150052800103 0.00714285714297 0.00714285714296 0.00714285714295 0.00714285714293 0.00714285714297 0.00714285714295 0.00714285714296 0.00714285714296 0.00714285714296 0.00714285714297 0.00714285714298 0.007142857143 0.007142857143 0.00714285714296 0.00714285714296 0.00714285714299 
0.01 0.01 0.01 0.01 0.01 0.01 0.210000000024 0.01 0.410000000082 0.209999999895 0.01 0.01 0.01 0.01 0.01 0.01 0.01 0.01 0.01 0.01 
0.00625000000003 0.00625000000003 0.00625000000003 0.00625000000003 0.00625000000003 0.00625000000003 0.00625000000002 0.00625000000002 0.00625000000003 0.00625000000002 0.00625000000003 0.881249999999 0.00625000000003 0.00625000000003 0.00625000000003 0.00625000000004 0.00625000000004 0.00625000000003 0.00625000000003 0.00625000000003 
0.00714285714286 0.00714285714286 0.149999992456 0.00714285714286 0.00714285714286 0.435714290827 0.00714285714286 0.150000000786 0.00714285714286 0.00714285714286 0.00714285714286 0.00714285714286 0.00714285714286 0.00714285714286 0.00714285714286 0.00714285714286 0.150000001645 0.00714285714286 0.00714285714286 0.00714285714286 
0.00555555555559 0.00555555555559 0.116684520781 0.00555555555559 0.00555555555559 0.00555555555558 0.00555555555558 0.00555555555558 0.116682061179 0.00555555555558 0.00555555555558 0.672188973594 0.00555555555558 0.00555555555559 0.00555555555559 0.0055555555556 0.00555555555559 0.00555555555559 0.00555555555558 0.00555555555559 
0.01 0.01 0.01 0.210000000403 0.01 0.01 0.01 0.01 0.01 0.01 0.01 0.01 0.209999999767 0.40999999983 0.01 0.01 0.01 0.01 0.01 0.01 
0.131268853846 0.00625000000004 0.00625000000004 0.00625000000003 0.00625000000003 0.00625000000003 0.00625000000003 0.00625000000002 0.00625000000003 0.00625000000003 0.756231146154 0.00625000000003 0.00625000000003 0.00625000000003 0.00625000000004 0.00625000000004 0.00625000000004 0.00625000000003 0.00625000000003 0.00625000000004 
0.00625000000009 0.00625000000009 0.00625000000009 0.881249999998 0.00625000000008 0.00625000000007 0.00625000000007 0.00625000000006 0.00625000000008 0.00625000000007 0.00625000000007 0.00625000000007 0.00625000000007 0.00625000000008 0.00625000000009 0.0062500000001 0.0062500000001 0.00625000000008 0.00625000000007 0.0062500000001 
0.00833333333358 0.00833333333357 0.00833333333359 0.00833333333354 0.00833333333355 0.00833333333353 0.00833333333351 0.175072229703 0.00833333333355 0.00833333333351 0.00833333333353 0.00833333333353 0.674927770293 0.00833333333355 0.00833333333357 0.00833333333361 0.0083333333336 0.00833333333354 0.00833333333352 0.00833333333359 
0.00833333333333 0.00833333333333 0.00833333333333 0.00833333333333 0.00833333333333 0.00833333333333 0.00833333333333 0.00833333333333 0.00833333333333 0.00833333333333 0.00833333333333 0.00833333333333 0.00833333333333 0.00833333333333 0.508333333832 0.00833333333333 0.00833333333333 0.00833333333333 0.175000000149 0.174999999352 
0.00714285714295 0.00714285714294 0.00714285714295 0.00714285714293 0.00714285714293 0.00714285714293 0.00714285714292 0.00714285714291 0.00714285714294 0.00714285714292 0.864285714284 0.00714285714293 0.00714285714293 0.00714285714294 0.00714285714294 0.00714285714296 0.00714285714295 0.00714285714293 0.00714285714293 0.00714285714295 
0.864285714283 0.00714285714299 0.007142857143 0.00714285714298 0.00714285714298 0.00714285714297 0.00714285714296 0.00714285714294 0.00714285714298 0.00714285714296 0.00714285714297 0.00714285714297 0.00714285714297 0.00714285714298 0.00714285714299 0.00714285714301 0.00714285714301 0.00714285714297 0.00714285714297 0.007142857143 
0.00833333333333 0.00833333333333 0.00833333333333 0.00833333333333 0.00833333333333 0.00833333333333 0.174999999941 0.00833333333333 0.00833333333333 0.17499999987 0.00833333333333 0.00833333333333 0.00833333333333 0.00833333333333 0.00833333333333 0.00833333333333 0.00833333333333 0.508333333522 0.00833333333333 0.00833333333333 
0.0125 0.0125 0.0125 0.0125 0.0125 0.7625 0.0125 0.0125 0.0125 0.0125 0.0125 0.0125 0.0125 0.0125 0.0125 0.0125 0.0125 0.0125 0.0125 0.0125 
0.00833333333346 0.00833333333346 0.00833333333347 0.00833333333344 0.00833333333345 0.00833333333344 0.00833333333343 0.00833333333341 0.00833333333345 0.00833333333343 0.00833333333344 0.00833333333344 0.00833333333343 0.00833333333345 0.00833333333346 0.00833333333348 0.00833333333347 0.00833333333344 0.841666666665 0.00833333333347 
0.05 0.05 0.05 0.05 0.05 0.05 0.05 0.05 0.05 0.05 0.05 0.05 0.05 0.05 0.05 0.05 0.05 0.05 0.05 0.05 
0.00625 0.00625 0.00625 0.00625 0.00625 0.00625 0.00625 0.88125 0.00625 0.00625 0.00625 0.00625 0.00625 0.00625 0.00625 0.00625 0.00625 0.00625 0.00625 0.00625 
0.150000000046 0.00714285714286 0.00714285714286 0.00714285714286 0.00714285714286 0.00714285714286 0.00714285714286 0.292857142896 0.00714285714286 0.00714285714286 0.00714285714286 0.292857142799 0.00714285714286 0.00714285714286 0.00714285714286 0.00714285714286 0.00714285714286 0.00714285714286 0.149999999973 0.00714285714286 
0.00714285714292 0.00714285714291 0.00714285714292 0.00714285714291 0.00714285714291 0.0071428571429 0.721411384786 0.150017186641 0.00714285714291 0.0071428571429 0.0071428571429 0.0071428571429 0.0071428571429 0.00714285714291 0.00714285714291 0.00714285714292 0.00714285714292 0.00714285714291 0.0071428571429 0.00714285714292 
0.01 0.01 0.01 0.01 0.01 0.01 0.01 0.210000000037 0.01 0.01 0.01 0.01 0.01 0.01 0.01 0.609999999963 0.01 0.01 0.01 0.01 
0.00833333333346 0.00833333333345 0.00833333333346 0.00833333333344 0.00833333333344 0.00833333333343 0.00833333333342 0.341760543937 0.00833333333344 0.508239456061 0.00833333333343 0.00833333333343 0.00833333333343 0.00833333333344 0.00833333333345 0.00833333333347 0.00833333333347 0.00833333333344 0.00833333333343 0.00833333333346 
0.0166666666667 0.0166666666667 0.0166666666667 0.0166666666667 0.0166666666667 0.0166666666667 0.683333333333 0.0166666666667 0.0166666666667 0.0166666666667 0.0166666666667 0.0166666666667 0.0166666666667 0.0166666666667 0.0166666666667 0.0166666666667 0.0166666666667 0.0166666666667 0.0166666666667 0.0166666666667 
0.0250000000011 0.0250000000011 0.524999999982 0.0250000000009 0.025000000001 0.0250000000009 0.0250000000008 0.0250000000007 0.025000000001 0.0250000000008 0.0250000000009 0.0250000000009 0.0250000000008 0.025000000001 0.0250000000011 0.0250000000012 0.0250000000012 0.0250000000009 0.0250000000008 0.0250000000011 
0.00833333333333 0.00833333333333 0.175000022235 0.00833333333333 0.00833333333333 0.00833333333333 0.00833333333333 0.00833333333333 0.00833333333333 0.00833333333333 0.00833333333333 0.341666601269 0.00833333333333 0.00833333333333 0.00833333333333 0.00833333333333 0.00833333333333 0.00833333333333 0.341666709829 0.00833333333333 
0.00714285714292 0.00714285714291 0.00714285714292 0.00714285714291 0.150025009871 0.0071428571429 0.721403561557 0.00714285714289 0.00714285714291 0.0071428571429 0.0071428571429 0.0071428571429 0.0071428571429 0.00714285714291 0.00714285714291 0.00714285714292 0.00714285714292 0.00714285714291 0.0071428571429 0.00714285714292 
0.00833333333333 0.00833333333333 0.175000000039 0.00833333333333 0.00833333333333 0.00833333333333 0.00833333333333 0.00833333333333 0.00833333333333 0.00833333333333 0.00833333333333 0.00833333333333 0.00833333333333 0.00833333333333 0.00833333333333 0.00833333333333 0.00833333333333 0.175000000034 0.50833333326 0.00833333333333 
0.00833333333338 0.00833333333338 0.841666666666 0.00833333333337 0.00833333333338 0.00833333333337 0.00833333333337 0.00833333333336 0.00833333333338 0.00833333333337 0.00833333333337 0.00833333333337 0.00833333333337 0.00833333333338 0.00833333333338 0.00833333333339 0.00833333333339 0.00833333333337 0.00833333333337 0.00833333333338 
0.0125000000002 0.0125000000002 0.0125000000003 0.262600655283 0.0125000000002 0.0125000000002 0.0125000000002 0.0125000000001 0.512399344713 0.0125000000002 0.0125000000002 0.0125000000002 0.0125000000002 0.0125000000002 0.0125000000002 0.0125000000003 0.0125000000003 0.0125000000002 0.0125000000002 0.0125000000003 
0.00714285714292 0.00714285714291 0.00714285714292 0.00714285714291 0.00714285714291 0.0071428571429 0.0071428571429 0.150017302954 0.00714285714291 0.721411268474 0.0071428571429 0.0071428571429 0.0071428571429 0.00714285714291 0.00714285714291 0.00714285714292 0.00714285714292 0.00714285714291 0.0071428571429 0.00714285714292 
0.435526276937 0.007142857143 0.150076676018 0.00714285714299 0.00714285714299 0.00714285714298 0.150053990315 0.00714285714295 0.00714285714299 0.00714285714297 0.00714285714298 0.00714285714298 0.00714285714298 0.00714285714299 0.00714285714301 0.00714285714303 0.00714285714302 0.00714285714298 0.150057342442 0.00714285714302 
0.00833333333338 0.841666666666 0.00833333333339 0.00833333333338 0.00833333333338 0.00833333333337 0.00833333333337 0.00833333333336 0.00833333333338 0.00833333333337 0.00833333333337 0.00833333333337 0.00833333333337 0.00833333333338 0.00833333333338 0.00833333333339 0.00833333333339 0.00833333333338 0.00833333333337 0.00833333333339 
0.00625 0.00625 0.00625 0.00625 0.00625 0.00625 0.256250000113 0.131250000002 0.00625 0.00625 0.00625 0.381249999847 0.00625 0.00625 0.00625 0.00625 0.00625 0.00625 0.131250000039 0.00625 
0.00833333333348 0.00833333333347 0.00833333333348 0.00833333333345 0.00833333333346 0.00833333333345 0.00833333333344 0.175041981965 0.674958018032 0.00833333333344 0.00833333333345 0.00833333333345 0.00833333333344 0.00833333333346 0.00833333333347 0.00833333333349 0.00833333333349 0.00833333333345 0.00833333333344 0.00833333333348 
0.00833333333333 0.841666666667 0.00833333333333 0.00833333333333 0.00833333333333 0.00833333333333 0.00833333333333 0.00833333333333 0.00833333333333 0.00833333333333 0.00833333333333 0.00833333333333 0.00833333333333 0.00833333333333 0.00833333333333 0.00833333333333 0.00833333333333 0.00833333333333 0.00833333333333 0.00833333333333 
0.0125 0.262500000087 0.0125 0.262499999898 0.0125 0.0125 0.0125 0.0125 0.0125 0.0125 0.0125 0.0125 0.0125 0.0125 0.0125 0.0125 0.0125 0.0125 0.262500000015 0.0125 
0.01 0.01 0.01 0.01 0.01 0.81 0.01 0.01 0.01 0.01 0.01 0.01 0.01 0.01 0.01 0.01 0.01 0.01 0.01 0.01 
0.00625000000006 0.00625000000006 0.00625000000006 0.881249999999 0.00625000000005 0.00625000000005 0.00625000000004 0.00625000000004 0.00625000000005 0.00625000000004 0.00625000000005 0.00625000000005 0.00625000000005 0.00625000000005 0.00625000000006 0.00625000000007 0.00625000000007 0.00625000000005 0.00625000000005 0.00625000000006 
0.131268900324 0.00625000000004 0.00625000000004 0.00625000000003 0.00625000000003 0.00625000000003 0.00625000000003 0.00625000000002 0.00625000000003 0.00625000000003 0.00625000000003 0.00625000000003 0.00625000000003 0.00625000000003 0.631210307641 0.00625000000004 0.131270792033 0.00625000000003 0.00625000000003 0.00625000000004 
0.00625000000014 0.00625000000013 0.00625000000014 0.00625000000012 0.00625000000012 0.00625000000011 0.0062500000001 0.131290286799 0.00625000000012 0.506087042662 0.00625000000011 0.256372670537 0.00625000000011 0.00625000000012 0.00625000000013 0.00625000000015 0.00625000000015 0.00625000000011 0.00625000000011 0.00625000000014 
0.00625000000004 0.00625000000004 0.00625000000004 0.00625000000004 0.00625000000004 0.00625000000003 0.131265000367 0.00625000000003 0.00625000000004 0.756234999632 0.00625000000003 0.00625000000003 0.00625000000003 0.00625000000004 0.00625000000004 0.00625000000005 0.00625000000005 0.00625000000004 0.00625000000003 0.00625000000004 
0.01 0.01 0.210000000286 0.210000000118 0.01 0.01 0.01 0.01 0.01 0.01 0.01 0.01 0.210000000282 0.01 0.01 0.01 0.01 0.01 0.209999999314 0.01 
0.05 0.05 0.05 0.05 0.05 0.05 0.05 0.05 0.05 0.05 0.05 0.05 0.05 0.05 0.05 0.05 0.05 0.05 0.05 0.05 
0.00833333333333 0.175000000238 0.00833333333333 0.00833333333333 0.00833333333333 0.00833333333333 0.00833333333333 0.00833333333333 0.00833333333333 0.00833333333333 0.00833333333333 0.00833333333333 0.00833333333333 0.00833333333333 0.674999999762 0.00833333333333 0.00833333333333 0.00833333333333 0.00833333333333 0.00833333333333 
0.0100000000001 0.0100000000001 0.0100000000001 0.0100000000001 0.0100000000001 0.0100000000001 0.0100000000001 0.01 0.0100000000001 0.01 0.0100000000001 0.0100000000001 0.0100000000001 0.0100000000001 0.0100000000001 0.809999999999 0.0100000000001 0.0100000000001 0.0100000000001 0.0100000000001 
0.025 0.025 0.025 0.025 0.025 0.025 0.025 0.025 0.025 0.025 0.025 0.025 0.025 0.025 0.025 0.025 0.025 0.025 0.025 0.525 
0.01 0.01 0.01 0.01 0.01 0.01 0.01 0.210000000125 0.01 0.01 0.01 0.01 0.01 0.01 0.609999999875 0.01 0.01 0.01 0.01 0.01 
0.00555555555556 0.00555555555556 0.00555555555556 0.116666666425 0.00555555555556 0.00555555555556 0.00555555555556 0.00555555555556 0.00555555555556 0.00555555555556 0.00555555555556 0.00555555555556 0.672222222432 0.00555555555556 0.00555555555556 0.00555555555556 0.00555555555556 0.00555555555556 0.116666666698 0.00555555555556 
0.01 0.01 0.610000000125 0.209999999875 0.01 0.01 0.01 0.01 0.01 0.01 0.01 0.01 0.01 0.01 0.01 0.01 0.01 0.01 0.01 0.01 
0.209999999978 0.01 0.01 0.01 0.01 0.01 0.01 0.210000000031 0.01 0.01 0.01 0.01 0.210000000038 0.01 0.01 0.209999999953 0.01 0.01 0.01 0.01 
0.0083333333334 0.0083333333334 0.0083333333334 0.00833333333339 0.00833333333339 0.00833333333339 0.00833333333338 0.00833333333337 0.00833333333339 0.00833333333338 0.00833333333339 0.00833333333339 0.00833333333338 0.00833333333339 0.674973352532 0.00833333333341 0.00833333333341 0.175026647467 0.00833333333338 0.0083333333334 
0.00833333333342 0.00833333333342 0.00833333333343 0.00833333333341 0.00833333333341 0.00833333333341 0.0083333333334 0.00833333333339 0.00833333333341 0.0083333333334 0.0083333333334 0.00833333333341 0.0083333333334 0.00833333333341 0.00833333333342 0.00833333333343 0.841666666665 0.00833333333341 0.0083333333334 0.00833333333343 
0.01 0.01 0.01 0.01 0.01 0.01 0.01 0.01 0.01 0.01 0.01 0.210000000198 0.41000000028 0.01 0.01 0.01 0.01 0.01 0.01 0.209999999522 
0.0100000000001 0.0100000000001 0.0100000000001 0.0100000000001 0.809999999999 0.0100000000001 0.0100000000001 0.0100000000001 0.0100000000001 0.0100000000001 0.0100000000001 0.0100000000001 0.0100000000001 0.0100000000001 0.0100000000001 0.0100000000001 0.0100000000001 0.0100000000001 0.0100000000001 0.0100000000001 
0.05 0.05 0.05 0.05 0.05 0.05 0.05 0.05 0.05 0.05 0.05 0.05 0.05 0.05 0.05 0.05 0.05 0.05 0.05 0.05 
0.00833333333351 0.0083333333335 0.00833333333352 0.841666666664 0.00833333333349 0.00833333333348 0.00833333333346 0.00833333333344 0.00833333333349 0.00833333333346 0.00833333333347 0.00833333333347 0.00833333333347 0.00833333333349 0.0083333333335 0.00833333333353 0.00833333333353 0.00833333333348 0.00833333333347 0.00833333333352 
0.00555555555556 0.00555555555556 0.00555555555556 0.449999999987 0.00555555555556 0.00555555555556 0.116666666656 0.227777777792 0.00555555555556 0.00555555555556 0.00555555555556 0.00555555555556 0.00555555555556 0.00555555555556 0.00555555555556 0.00555555555556 0.00555555555556 0.00555555555556 0.00555555555556 0.116666666677 
0.00625 0.00625 0.00625 0.13125000051 0.00625 0.00625 0.00625 0.00625 0.75624999949 0.00625 0.00625 0.00625 0.00625 0.00625 0.00625 0.00625 0.00625 0.00625 0.00625 0.00625 
0.01 0.01 0.01 0.01 0.01 0.01 0.01 0.01 0.209999999371 0.01 0.01 0.610000000629 0.01 0.01 0.01 0.01 0.01 0.01 0.01 0.01 
0.00833333333333 0.00833333333333 0.00833333333333 0.00833333333333 0.00833333333333 0.00833333333333 0.00833333333333 0.00833333333333 0.00833333333333 0.00833333333333 0.00833333333333 0.00833333333333 0.00833333333333 0.00833333333333 0.00833333333333 0.00833333333333 0.00833333333333 0.00833333333333 0.841666666667 0.00833333333333 
0.0125 0.512500000049 0.0125 0.0125 0.0125 0.0125 0.0125 0.0125 0.0125 0.0125 0.0125 0.0125 0.0125 0.0125 0.0125 0.0125 0.0125 0.0125 0.262499999951 0.0125 
0.105034275666 0.00500000000007 0.00500000000007 0.00500000000006 0.00500000000006 0.00500000000006 0.105024951044 0.00500000000004 0.704940773289 0.00500000000005 0.00500000000006 0.00500000000006 0.00500000000005 0.00500000000006 0.00500000000007 0.00500000000008 0.00500000000008 0.00500000000006 0.00500000000005 0.00500000000007 
0.01 0.01 0.01 0.01 0.210000056057 0.01 0.609999943943 0.01 0.01 0.01 0.01 0.01 0.01 0.01 0.01 0.01 0.01 0.01 0.01 0.01 
0.00625 0.00625 0.00625 0.00625 0.00625 0.00625 0.00625 0.00625 0.00625 0.00625 0.00625 0.00625 0.00625 0.00625 0.00625 0.00625 0.00625 0.00625 0.88125 0.00625 
0.01 0.01 0.409999999938 0.01 0.01 0.01 0.01 0.01 0.01 0.01 0.01 0.01 0.01 0.01 0.01 0.01 0.01 0.410000000062 0.01 0.01 
0.00625000000003 0.00625000000003 0.00625000000003 0.00625000000002 0.00625000000003 0.00625000000002 0.00625000000002 0.00625000000002 0.88125 0.00625000000002 0.00625000000002 0.00625000000002 0.00625000000002 0.00625000000003 0.00625000000003 0.00625000000003 0.00625000000003 0.00625000000002 0.00625000000002 0.00625000000003 
0.00833333333346 0.00833333333345 0.674952418259 0.00833333333344 0.00833333333344 0.00833333333343 0.00833333333342 0.00833333333341 0.00833333333344 0.00833333333342 0.175047581739 0.00833333333343 0.00833333333343 0.00833333333344 0.00833333333345 0.00833333333347 0.00833333333347 0.00833333333344 0.00833333333343 0.00833333333346 
0.05 0.05 0.05 0.05 0.05 0.05 0.05 0.05 0.05 0.05 0.05 0.05 0.05 0.05 0.05 0.05 0.05 0.05 0.05 0.05 
0.116666666583 0.00555555555556 0.00555555555556 0.67222222231 0.00555555555556 0.00555555555556 0.00555555555556 0.00555555555556 0.116666666663 0.00555555555556 0.00555555555556 0.00555555555556 0.00555555555556 0.00555555555556 0.00555555555556 0.00555555555556 0.00555555555556 0.00555555555556 0.00555555555556 0.00555555555556 
0.0100000000002 0.0100000000002 0.0100000000002 0.0100000000001 0.0100000000002 0.0100000000001 0.0100000000001 0.0100000000001 0.809999999997 0.0100000000001 0.0100000000001 0.0100000000001 0.0100000000001 0.0100000000002 0.0100000000002 0.0100000000002 0.0100000000002 0.0100000000001 0.0100000000001 0.0100000000002 
0.0166666666667 0.0166666666667 0.0166666666667 0.0166666666667 0.350000000004 0.0166666666667 0.0166666666667 0.0166666666667 0.0166666666667 0.0166666666667 0.0166666666667 0.0166666666667 0.0166666666667 0.0166666666667 0.0166666666667 0.0166666666667 0.0166666666667 0.0166666666667 0.349999999996 0.0166666666667 
0.007142857143 0.007142857143 0.435548491298 0.150061163319 0.00714285714299 0.00714285714298 0.150052456164 0.00714285714295 0.00714285714299 0.15005217493 0.00714285714297 0.00714285714297 0.00714285714297 0.00714285714299 0.007142857143 0.00714285714302 0.00714285714302 0.00714285714298 0.00714285714297 0.00714285714301 
0.00833333333342 0.00833333333342 0.00833333333343 0.00833333333341 0.00833333333341 0.00833333333341 0.0083333333334 0.00833333333339 0.00833333333341 0.0083333333334 0.0083333333334 0.0083333333334 0.0083333333334 0.00833333333341 0.00833333333342 0.841666666665 0.00833333333343 0.00833333333341 0.0083333333334 0.00833333333343 
0.00833333333333 0.00833333333333 0.00833333333333 0.00833333333333 0.00833333333333 0.00833333333333 0.00833333333333 0.00833333333333 0.00833333333333 0.00833333333333 0.00833333333333 0.00833333333333 0.00833333333333 0.00833333333333 0.00833333333333 0.00833333333333 0.00833333333333 0.00833333333333 0.00833333333333 0.841666666667 
0.05 0.05 0.05 0.05 0.05 0.05 0.05 0.05 0.05 0.05 0.05 0.05 0.05 0.05 0.05 0.05 0.05 0.05 0.05 0.05 
0.00833333333333 0.00833333333333 0.00833333333333 0.00833333333333 0.00833333333333 0.00833333333333 0.00833333333333 0.00833333333333 0.00833333333333 0.00833333333333 0.00833333333333 0.00833333333333 0.00833333333333 0.841666666667 0.00833333333333 0.00833333333333 0.00833333333333 0.00833333333333 0.00833333333333 0.00833333333333 
0.00714285714288 0.00714285714288 0.00714285714288 0.00714285714287 0.00714285714287 0.00714285714287 0.864285714285 0.00714285714287 0.00714285714287 0.00714285714287 0.00714285714287 0.00714285714287 0.00714285714287 0.00714285714287 0.00714285714288 0.00714285714288 0.00714285714288 0.00714285714287 0.00714285714287 0.00714285714288 
0.0071428571429 0.0071428571429 0.00714285714291 0.0071428571429 0.0071428571429 0.0071428571429 0.00714285714289 0.00714285714289 0.0071428571429 0.00714285714289 0.00714285714289 0.00714285714289 0.00714285714289 0.864285714285 0.0071428571429 0.00714285714291 0.00714285714291 0.0071428571429 0.00714285714289 0.00714285714291 
0.00714285714286 0.00714285714286 0.149999999896 0.00714285714286 0.00714285714286 0.00714285714286 0.00714285714286 0.00714285714286 0.00714285714286 0.00714285714286 0.00714285714286 0.00714285714286 0.00714285714286 0.00714285714286 0.00714285714286 0.149999999996 0.150000000018 0.435714285804 0.00714285714286 0.00714285714286 
0.00625000000004 0.00625000000004 0.131268653529 0.00625000000003 0.00625000000003 0.00625000000003 0.00625000000003 0.00625000000002 0.00625000000003 0.00625000000003 0.00625000000003 0.00625000000003 0.00625000000003 0.00625000000003 0.00625000000004 0.00625000000004 0.00625000000004 0.256289342326 0.00625000000003 0.506192004144 
0.150000000789 0.150000000916 0.00714285714286 0.150000000551 0.00714285714286 0.00714285714286 0.435714283459 0.00714285714286 0.00714285714286 0.00714285714286 0.00714285714286 0.00714285714286 0.00714285714286 0.00714285714286 0.00714285714286 0.00714285714286 0.00714285714286 0.00714285714286 0.00714285714286 0.00714285714286 
0.683333333331 0.0166666666668 0.0166666666668 0.0166666666668 0.0166666666668 0.0166666666668 0.0166666666668 0.0166666666667 0.0166666666668 0.0166666666668 0.0166666666668 0.0166666666668 0.0166666666668 0.0166666666668 0.0166666666668 0.0166666666668 0.0166666666668 0.0166666666668 0.0166666666668 0.0166666666668 
0.00833333333333 0.00833333333333 0.00833333333333 0.00833333333333 0.00833333333333 0.00833333333333 0.00833333333333 0.00833333333333 0.00833333333333 0.00833333333333 0.00833333333333 0.00833333333333 0.00833333333333 0.841666666667 0.00833333333333 0.00833333333333 0.00833333333333 0.00833333333333 0.00833333333333 0.00833333333333 
0.01 0.01 0.809999999999 0.01 0.01 0.01 0.01 0.01 0.01 0.01 0.01 0.01 0.01 0.01 0.01 0.01 0.01 0.01 0.01 0.01 
0.00833333333336 0.00833333333336 0.00833333333336 0.00833333333335 0.00833333333335 0.00833333333335 0.00833333333335 0.00833333333335 0.00833333333335 0.00833333333335 0.00833333333335 0.00833333333335 0.00833333333335 0.00833333333335 0.00833333333336 0.00833333333336 0.00833333333336 0.841666666666 0.00833333333335 0.00833333333336 
0.00833333333333 0.00833333333333 0.00833333333333 0.00833333333333 0.00833333333333 0.00833333333333 0.00833333333333 0.00833333333333 0.00833333333333 0.00833333333333 0.841666666667 0.00833333333333 0.00833333333333 0.00833333333333 0.00833333333333 0.00833333333333 0.00833333333333 0.00833333333333 0.00833333333333 0.00833333333333 
0.116678482159 0.00555555555558 0.338828954535 0.00555555555558 0.00555555555558 0.00555555555558 0.00555555555558 0.00555555555557 0.00555555555558 0.227800383952 0.227803290465 0.00555555555558 0.00555555555558 0.00555555555558 0.00555555555558 0.00555555555559 0.00555555555559 0.00555555555558 0.00555555555558 0.00555555555559 
0.0125000000001 0.0125000000001 0.0125000000001 0.0125000000001 0.0125000000001 0.0125000000001 0.0125 0.0125 0.0125000000001 0.0125 0.762499999999 0.0125000000001 0.0125000000001 0.0125000000001 0.0125000000001 0.0125000000001 0.0125000000001 0.0125000000001 0.0125000000001 0.0125000000001 
0.01 0.410000000136 0.01 0.01 0.01 0.01 0.01 0.01 0.01 0.01 0.01 0.01 0.01 0.01 0.01 0.20999999979 0.01 0.210000000074 0.01 0.01 
0.05 0.05 0.05 0.05 0.05 0.05 0.05 0.05 0.05 0.05 0.05 0.05 0.05 0.05 0.05 0.05 0.05 0.05 0.05 0.05 
0.210000000192 0.01 0.01 0.209999999981 0.01 0.01 0.210000000143 0.01 0.01 0.01 0.01 0.01 0.01 0.01 0.01 0.01 0.01 0.01 0.209999999684 0.01 
0.0100000000001 0.0100000000001 0.0100000000001 0.0100000000001 0.0100000000001 0.0100000000001 0.0100000000001 0.0100000000001 0.609961873884 0.0100000000001 0.210038126114 0.0100000000001 0.0100000000001 0.0100000000001 0.0100000000001 0.0100000000001 0.0100000000001 0.0100000000001 0.0100000000001 0.0100000000001 
0.00625000000005 0.00625000000005 0.00625000000005 0.00625000000004 0.00625000000004 0.00625000000004 0.00625000000004 0.00625000000003 0.00625000000004 0.00625000000003 0.00625000000004 0.131268567379 0.75623143262 0.00625000000004 0.00625000000005 0.00625000000005 0.00625000000005 0.00625000000004 0.00625000000004 0.00625000000005 
0.00625000000002 0.00625000000002 0.00625000000002 0.131256333212 0.00625000000002 0.756243666787 0.00625000000001 0.00625000000001 0.00625000000002 0.00625000000001 0.00625000000001 0.00625000000001 0.00625000000001 0.00625000000002 0.00625000000002 0.00625000000002 0.00625000000002 0.00625000000001 0.00625000000001 0.00625000000002 
0.00714285714286 0.00714285714286 0.00714285714286 0.00714285714286 0.00714285714286 0.00714285714286 0.292857143958 0.150000000366 0.00714285714286 0.435714284247 0.00714285714286 0.00714285714286 0.00714285714286 0.00714285714286 0.00714285714286 0.00714285714286 0.00714285714286 0.00714285714286 0.00714285714286 0.00714285714286 
0.00714285714286 0.00714285714286 0.00714285714286 0.00714285714286 0.00714285714286 0.00714285714286 0.00714285714286 0.00714285714286 0.00714285714286 0.00714285714286 0.00714285714286 0.00714285714286 0.578571428921 0.149999999643 0.00714285714286 0.00714285714286 0.00714285714286 0.00714285714286 0.00714285714286 0.150000000007 
0.05 0.05 0.05 0.05 0.05 0.05 0.05 0.05 0.05 0.05 0.05 0.05 0.05 0.05 0.05 0.05 0.05 0.05 0.05 0.05 
0.00714285714289 0.150013554504 0.00714285714289 0.00714285714288 0.00714285714288 0.00714285714288 0.00714285714288 0.721415016924 0.00714285714288 0.00714285714288 0.00714285714288 0.00714285714288 0.00714285714288 0.00714285714288 0.00714285714289 0.00714285714289 0.00714285714289 0.00714285714288 0.00714285714288 0.00714285714289 
0.00714285714288 0.00714285714288 0.00714285714288 0.1500088281 0.00714285714288 0.721419743328 0.00714285714287 0.00714285714287 0.00714285714288 0.00714285714288 0.00714285714288 0.00714285714288 0.00714285714288 0.00714285714288 0.00714285714288 0.00714285714289 0.00714285714289 0.00714285714288 0.00714285714288 0.00714285714288 
0.150000000053 0.578571428636 0.00714285714286 0.00714285714286 0.00714285714286 0.00714285714286 0.00714285714286 0.00714285714286 0.149999999883 0.00714285714286 0.00714285714286 0.00714285714286 0.00714285714286 0.00714285714286 0.00714285714286 0.00714285714286 0.00714285714286 0.00714285714286 0.00714285714286 0.00714285714286 
0.131250000183 0.00625 0.00625 0.131250000122 0.00625 0.131249999947 0.506249999749 0.00625 0.00625 0.00625 0.00625 0.00625 0.00625 0.00625 0.00625 0.00625 0.00625 0.00625 0.00625 0.00625 
0.0100000000001 0.01 0.0100000000001 0.01 0.01 0.01 0.01 0.809999999999 0.01 0.01 0.01 0.01 0.01 0.01 0.01 0.0100000000001 0.0100000000001 0.01 0.01 0.0100000000001 
0.00714285714286 0.149999999813 0.00714285714286 0.00714285714286 0.00714285714286 0.00714285714286 0.00714285714286 0.00714285714286 0.00714285714286 0.00714285714286 0.00714285714286 0.00714285714286 0.00714285714286 0.00714285714286 0.00714285714286 0.00714285714286 0.00714285714286 0.292857143076 0.00714285714286 0.435714285683 
0.00833333333339 0.00833333333339 0.00833333333339 0.00833333333338 0.00833333333338 0.00833333333338 0.841666666666 0.00833333333337 0.00833333333338 0.00833333333337 0.00833333333338 0.00833333333338 0.00833333333338 0.00833333333338 0.00833333333339 0.00833333333339 0.00833333333339 0.00833333333338 0.00833333333338 0.00833333333339 
0.025 0.025 0.025 0.025 0.025 0.025 0.025 0.025 0.025 0.025 0.025 0.025 0.025 0.525 0.025 0.025 0.025 0.025 0.025 0.025 
0.00625 0.00625 0.00625 0.00625 0.00625 0.00625 0.00625 0.00625 0.00625 0.00625 0.131249999919 0.131250000007 0.631250000074 0.00625 0.00625 0.00625 0.00625 0.00625 0.00625 0.00625 
0.0125 0.0125 0.0125 0.0125 0.0125 0.0125 0.0125 0.0125 0.0125 0.0125 0.0125 0.7625 0.0125 0.0125 0.0125 0.0125 0.0125 0.0125 0.0125 0.0125 
0.00833333333338 0.00833333333338 0.00833333333338 0.00833333333337 0.00833333333337 0.00833333333337 0.00833333333337 0.00833333333336 0.00833333333337 0.00833333333337 0.00833333333337 0.00833333333337 0.00833333333337 0.841666666666 0.00833333333338 0.00833333333338 0.00833333333338 0.00833333333337 0.00833333333337 0.00833333333338 
0.00625000000002 0.00625000000002 0.00625000000002 0.00625000000001 0.00625000000001 0.00625000000001 0.00625000000001 0.00625000000001 0.00625000000002 0.00625000000001 0.00625000000001 0.00625000000001 0.88125 0.00625000000002 0.00625000000002 0.00625000000002 0.00625000000002 0.00625000000001 0.00625000000001 0.00625000000002 
0.00555555555557 0.00555555555557 0.00555555555557 0.00555555555557 0.00555555555557 0.116671501988 0.00555555555557 0.00555555555556 0.00555555555557 0.00555555555557 0.00555555555557 0.00555555555557 0.116671318702 0.672212734865 0.00555555555557 0.00555555555557 0.00555555555557 0.00555555555557 0.00555555555557 0.00555555555557 
0.00625000000002 0.00625000000002 0.00625000000002 0.00625000000002 0.00625000000002 0.00625000000002 0.00625000000002 0.00625000000001 0.00625000000002 0.00625000000002 0.00625000000002 0.00625000000002 0.00625000000002 0.88125 0.00625000000002 0.00625000000003 0.00625000000003 0.00625000000002 0.00625000000002 0.00625000000002 
0.116676752759 0.00555555555558 0.00555555555558 0.00555555555558 0.00555555555558 0.00555555555558 0.00555555555557 0.116672736902 0.116675645604 0.00555555555557 0.116674634623 0.00555555555558 0.00555555555557 0.00555555555558 0.00555555555558 0.00555555555559 0.00555555555558 0.449966896778 0.00555555555557 0.00555555555558 
0.00714285714286 0.00714285714286 0.00714285714286 0.00714285714286 0.00714285714286 0.00714285714286 0.00714285714286 0.00714285714286 0.00714285714286 0.00714285714286 0.00714285714286 0.00714285714286 0.00714285714286 0.00714285714286 0.00714285714286 0.00714285714286 0.00714285714286 0.00714285714286 0.864285714286 0.00714285714286 
0.00833333333339 0.00833333333339 0.00833333333339 0.00833333333338 0.00833333333338 0.00833333333338 0.00833333333338 0.00833333333337 0.674977638391 0.00833333333338 0.00833333333338 0.175022361608 0.00833333333338 0.00833333333339 0.00833333333339 0.0083333333334 0.0083333333334 0.00833333333338 0.00833333333338 0.00833333333339 
0.00625000000003 0.00625000000003 0.00625000000003 0.00625000000003 0.00625000000003 0.00625000000002 0.00625000000002 0.131257344573 0.00625000000003 0.00625000000002 0.00625000000002 0.00625000000002 0.506218120433 0.131260942134 0.00625000000003 0.13126359286 0.00625000000004 0.00625000000002 0.00625000000002 0.00625000000004 
0.00714285714291 0.00714285714291 0.00714285714291 0.0071428571429 0.0071428571429 0.150019401056 0.00714285714289 0.00714285714289 0.0071428571429 0.00714285714289 0.0071428571429 0.150019045736 0.0071428571429 0.578532981779 0.00714285714291 0.00714285714291 0.00714285714291 0.0071428571429 0.0071428571429 0.00714285714291 
0.116675846391 0.00555555555558 0.00555555555558 0.00555555555557 0.00555555555557 0.00555555555557 0.11667334498 0.00555555555557 0.00555555555558 0.561086317311 0.00555555555557 0.00555555555557 0.00555555555557 0.00555555555558 0.116675602429 0.00555555555558 0.00555555555558 0.00555555555557 0.00555555555557 0.00555555555558 
0.00625000000004 0.00625000000004 0.00625000000004 0.00625000000003 0.00625000000003 0.00625000000003 0.00625000000003 0.00625000000002 0.00625000000003 0.00625000000003 0.00625000000003 0.00625000000003 0.00625000000003 0.00625000000003 0.00625000000004 0.00625000000004 0.00625000000004 0.631214601692 0.256285398307 0.00625000000004 
0.00714285714288 0.00714285714288 0.00714285714288 0.00714285714287 0.00714285714288 0.00714285714287 0.00714285714287 0.00714285714287 0.00714285714288 0.00714285714287 0.00714285714287 0.00714285714287 0.00714285714287 0.00714285714288 0.00714285714288 0.00714285714288 0.00714285714288 0.721418049812 0.00714285714287 0.150010521616 
