0.00322603126482 0.00322630141076 0.00322652949116 0.00322625069076 0.00322652796943 0.00322628953598 0.00322760510615 0.00322677420504 0.00322599662573 0.9709616937 
0.00833353005655 0.924992276101 0.00833466614801 0.00833463742308 0.00833516971259 0.00833397677794 0.00833342628879 0.00833399114814 0.00833418858268 0.00833413776096 
0.00250038485722 0.00250029942187 0.00250020648408 0.00250079100956 0.706174300717 0.00250029184903 0.0025004268675 0.00250042591024 0.00250026941276 0.273822603471 
0.963993004242 0.00400049021329 0.00400057822354 0.00400078072524 0.00400132374374 0.0040001521141 0.00400153755414 0.00400074739616 0.00400086121196 0.00400052457562 
0.00454627665486 0.0045463475973 0.00454717439146 0.00454734202864 0.00454593049188 0.00454671807649 0.959081200248 0.00454597202063 0.00454695958216 0.00454607890905 
0.00434892569089 0.00434841808902 0.00434858016744 0.0043491508219 0.00434846377885 0.394822686175 0.570387528055 0.00434844330637 0.00434873433908 0.00434906957667 
0.00357163623332 0.967853639206 0.00357176945052 0.00357200337011 0.00357185561832 0.00357201718551 0.00357202763952 0.00357163486488 0.00357150454548 0.00357191188613 
0.0623717902223 0.00434881059408 0.00434927074105 0.00434865315282 0.00434864338438 0.210005060527 0.697181896867 0.00434832057505 0.00434873011899 0.00434882381791 
0.00625082431047 0.00625108463176 0.708548286377 0.00625266723869 0.00625217049523 0.00625026057066 0.241442694221 0.00625008372477 0.00625015583623 0.00625177259439 
0.0045462664699 0.00454577575503 0.00454752153585 0.00454596256387 0.00454621619321 0.00454629015447 0.959081659262 0.00454599108514 0.00454801343885 0.00454630354124 
0.00476251064584 0.338111347343 0.00476245732499 0.00476377648653 0.114434636676 0.0047628412263 0.514113229894 0.00476304892478 0.00476326676397 0.00476288471461 
0.0055565121134 0.00555607640445 0.188756225882 0.00555699005612 0.76679250333 0.00555705263221 0.00555660439945 0.00555580401952 0.00555585359652 0.00555637756664 
0.732372631223 0.00476240122572 0.00476297992395 0.00476288448911 0.229525670802 0.0047627011944 0.00476271785143 0.00476259582277 0.00476292442429 0.0047624930437 
0.00416718757095 0.00416714798709 0.00416800691627 0.0041673071498 0.00416717708461 0.00416725321673 0.00416704559112 0.962493991531 0.00416748756595 0.00416739538619 
0.00434924662496 0.00434818598575 0.135387795325 0.829824138858 0.00434873752463 0.00434841441285 0.00434859369521 0.00434827737426 0.00434806398006 0.00434854621962 
0.00454672821009 0.00454621701256 0.128619993302 0.00454609563191 0.00454681904067 0.00454647431201 0.835009069908 0.00454605301977 0.00454587269838 0.00454667686483 
0.00333392177201 0.0033339749489 0.468557810073 0.00333414971756 0.0647877840442 0.00333448767821 0.443316249546 0.003333781468 0.00333374518112 0.00333409557075 
0.00384730035371 0.00384677964351 0.00384662846429 0.0038474126704 0.965375975338 0.00384856254522 0.00384720618915 0.00384656951309 0.00384696837795 0.00384659690506 
0.00625071038489 0.00625077725254 0.00625201521722 0.00625199165832 0.118826671519 0.00625078051474 0.831165064249 0.00625044888124 0.006250707433 0.00625083288935 
0.00625084012194 0.00625031635604 0.00625121850892 0.943743602696 0.00625124900038 0.00625076906019 0.00625073114955 0.00625029191553 0.00625075959633 0.00625022159486 
0.00526414263016 0.00526350816123 0.00526407367759 0.95262155367 0.00526550403835 0.00526462270838 0.00526393346903 0.00526455075472 0.00526393459274 0.00526417629747 
0.0026320120099 0.00263203398789 0.00263219050152 0.00263262869248 0.482729656801 0.00263181046785 0.0026323451545 0.00263187745955 0.496213066784 0.00263237814129 
0.949991878669 0.00555605136824 0.005556278063 0.0055579899092 0.00555600889864 0.00555673371031 0.00555614506669 0.00555597167563 0.00555703337988 0.00555590925904 
0.00526414234902 0.00526350806316 0.00526407341653 0.952622441142 0.00526461876218 0.0052646222852 0.0052639332488 0.00526455035377 0.00526393437298 0.00526417600588 
0.00526358017065 0.952623960421 0.00526419620521 0.00526489912888 0.00526336254371 0.0052636693967 0.00526396231008 0.00526340163975 0.00526475887864 0.00526420930505 
0.00500084277671 0.0050006602261 0.00500388699412 0.00500194677833 0.488382444283 0.471605415763 0.0050015297394 0.00500071006736 0.00500098206168 0.00500158131072 
0.0111127841804 0.0111114697475 0.0111121121258 0.0111134686404 0.899990935224 0.0111124047196 0.0111117707491 0.0111117086562 0.01111168048 0.0111116654771 
0.00625064896204 0.00625019013347 0.00625113157237 0.00625230369909 0.943742137504 0.0062503574778 0.0062508384049 0.0062510661248 0.00625041682149 0.00625090930037 
0.00714484951824 0.00714426929427 0.00714530795547 0.00714549935619 0.00714532399578 0.00714411951182 0.0071453832585 0.00714445378011 0.935696540995 0.00714425233468 
0.00526414296931 0.658377037009 0.00526459409534 0.00526432053178 0.0052642569918 0.00526419790307 0.00526474239631 0.00526340710893 0.00526446373077 0.299508837264 
0.00526404270351 0.00526379485563 0.00526410184017 0.00526405837901 0.952624273608 0.00526436473967 0.00526409393251 0.00526397164839 0.00526348365827 0.00526381463473 
0.00263398594813 0.00263192953306 0.00263330140959 0.00263182170045 0.00263220206711 0.00263241837506 0.976307658578 0.00263226551483 0.00263232422637 0.00263209264752 
0.00344834462195 0.00344841089686 0.00344860514061 0.00344911459365 0.715041489338 0.00344839530071 0.257369662523 0.00344866220951 0.00344859292547 0.00344872245076 
0.00384649162816 0.00384643539871 0.00384669416148 0.0038465909669 0.003846397598 0.763796407517 0.00384674560562 0.00384638343082 0.00384705306921 0.205430800624 
0.00277811083005 0.97499724362 0.00277815982709 0.00277799733718 0.00277796357958 0.00277809994067 0.00277821056508 0.00277796276064 0.00277808839881 0.00277816314139 
0.00416766518321 0.00416768993398 0.00416699041943 0.00416701177864 0.00416764450405 0.962493353082 0.00416762280834 0.00416726025716 0.00416709009015 0.00416767194324 
0.00357210490678 0.00357213718392 0.0035718015678 0.318343028877 0.653080270612 0.00357211388738 0.00357192161453 0.00357209062552 0.00357227503221 0.00357225569293 
0.00344877005801 0.968960012198 0.00344898739908 0.00344913867213 0.00344887592259 0.00344888974951 0.00344874265449 0.00344859402163 0.00344922681862 0.00344876250585 
0.00400043191356 0.44699574901 0.0040008055048 0.00400088730202 0.0040008353641 0.297320453494 0.227679779233 0.00400023215363 0.00400033832167 0.00400048770208 
0.00454684531628 0.00454656949167 0.0045459473195 0.00454666483904 0.00454742862094 0.959080142357 0.00454691287337 0.00454674755716 0.00454614899253 0.00454659263277 
0.00476280013143 0.00476326627857 0.00476225930563 0.957134261255 0.00476424776654 0.00476250651547 0.00476287871455 0.00476226736186 0.00476241993885 0.00476309273252 
0.00588403926917 0.00588355158277 0.324754885196 0.00588371137725 0.00588436661303 0.496961821121 0.00588392552733 0.00588339215974 0.137096953265 0.00588335388825 
0.0333364558168 0.0333338535097 0.699983073047 0.0333356022875 0.0333369860207 0.0333338559043 0.0333354803653 0.0333367584406 0.0333346012325 0.033333333376 
0.00588263367995 0.00588667483879 0.00588300452287 0.00588334920308 0.00588260134915 0.00588272674505 0.167119587815 0.00588263814099 0.00588313697918 0.785813646725 
0.00666806854625 0.00666888096828 0.0066677110232 0.00666884387521 0.00666963277854 0.00666818644452 0.00666867376688 0.00666865257527 0.939983484231 0.00666786579085 
0.00500048677698 0.00500116195987 0.00500087500488 0.00500094893652 0.00500070717704 0.954992545852 0.00500041361324 0.00500107782585 0.00500036462293 0.00500141823092 
0.963995290508 0.00400017206142 0.00400060019996 0.00400048916118 0.00400083448883 0.00400097982527 0.00400029103687 0.00400046318323 0.004000473855 0.00400040567997 
0.00500027856039 0.00500111584842 0.00500074697977 0.00500098537322 0.00500091049045 0.00500071652343 0.954993961693 0.00500067399606 0.00500019927317 0.0050004112617 
0.475162767484 0.241170138707 0.250327449074 0.0047623892142 0.00476310001964 0.00476278770883 0.00476278638337 0.00476281687724 0.00476247097229 0.00476329355998 
0.00500045248028 0.00500081090114 0.00500062767568 0.954993623963 0.00500214322561 0.00500068027615 0.00500067698836 0.00500021233023 0.00500025362447 0.00500051853479 
0.00370420476222 0.00370445359812 0.00370429525255 0.00370468746605 0.0037047238252 0.00370449877799 0.560036104174 0.00370450620286 0.00370464181114 0.41032788413 
0.00476325079156 0.00476345554494 0.00476283753254 0.00476260314459 0.00476296108465 0.132746355833 0.829150259872 0.00476272223546 0.00476197492392 0.00476357903669 
0.00526394679413 0.0052635031023 0.00526359993473 0.877402242288 0.0804885630118 0.00526358513102 0.00526403842068 0.00526340414093 0.00526339442775 0.00526372274871 
0.00400109562983 0.00400028317681 0.00400062042548 0.00400090335537 0.963993243451 0.00400068326796 0.00400078037305 0.00400085936389 0.0040004661968 0.00400106475983 
0.00625026411857 0.00625014004377 0.0062506315504 0.00625117929723 0.00625023970968 0.00625037644709 0.00625062420916 0.00625027057978 0.00625091587448 0.94374535817 
0.00909346368683 0.00909276284256 0.00909214665621 0.00909371145663 0.272346474882 0.00909331629742 0.654909656127 0.00909256442737 0.00909321843101 0.00909268519299 
0.00416757678033 0.00416709833434 0.909445179007 0.00416855883354 0.00416791137373 0.00416770095885 0.00416784736755 0.00416704328672 0.0572136654144 0.00416741864362 
0.00370441078004 0.00370450069998 0.0037043205288 0.00370457429653 0.00370428670723 0.591202389724 0.37916249087 0.0037046387302 0.00370421378815 0.00370417387519 
0.943737148066 0.00625109111769 0.00625153384734 0.0062519960422 0.00625123900063 0.00625151990382 0.00625218312399 0.00625099688534 0.0062511949855 0.00625109702739 
0.00833360342353 0.00833337300208 0.924994223923 0.00833489608335 0.00833435044501 0.0083343719643 0.00833363782944 0.00833379233634 0.0083340025864 0.00833374840662 
0.00555695061367 0.00555609583499 0.00555606039531 0.472733507957 0.00555670830925 0.303841982619 0.184529131452 0.00555672564129 0.00555626532583 0.00555657185092 
0.00714365939649 0.210265798406 0.00714308539785 0.00714430353848 0.732583833935 0.0071447942426 0.00714399423188 0.00714367299053 0.00714330589168 0.00714355197009 
0.00294188010074 0.00294175261375 0.00294177341466 0.00294180853203 0.941678047624 0.034786785743 0.00294228044569 0.00294161464395 0.00294202545497 0.00294203142719 
0.00416739493404 0.0041672259925 0.00416716084071 0.00416788986587 0.962494085611 0.00416732599162 0.00416743658921 0.0041671542198 0.00416709902654 0.00416722692893 
0.00384633565396 0.00384671231306 0.00384642842568 0.00384654109171 0.965380927756 0.00384662441702 0.00384694387018 0.00384624250612 0.00384663531684 0.00384660864954 
0.00434835307654 0.00434847516054 0.00434862215925 0.00434893943167 0.00434840393515 0.00434981410502 0.960862445509 0.00434818703509 0.00434814208467 0.00434861750258 
0.00434849746242 0.00434896548888 0.00434863924602 0.00434837948148 0.00434901573336 0.00434934348699 0.00435019024587 0.00434863873168 0.00434858974841 0.960859740375 
0.00476305631421 0.0047625448809 0.00476240434099 0.00476359259842 0.00476266018309 0.00476323387643 0.00476277961548 0.957134880165 0.00476247693934 0.00476237108658 
0.00384664431182 0.00384646097097 0.00384727516224 0.0038474684804 0.965379202817 0.00384657721451 0.00384684131567 0.00384678103381 0.00384630735603 0.00384644133741 
0.00322620589311 0.00322652132041 0.00322650310263 0.00322731734988 0.00322644000663 0.00322644490731 0.00322630541877 0.970960850237 0.00322711429476 0.00322629746963 
0.00625210656167 0.0062503926209 0.00625253093671 0.0062519268246 0.00625246414358 0.943734953169 0.00625133571127 0.00625133649181 0.00625066563809 0.0062522879022 
0.00714363477483 0.00714321013485 0.00714359190697 0.00714395629157 0.935709308203 0.00714351887982 0.0071434166758 0.00714318348948 0.00714301041554 0.00714316922826 
0.00666830894171 0.00666743724033 0.00666898212066 0.00666798068836 0.00666836120022 0.939987552519 0.00666749599634 0.00666815487067 0.00666779639459 0.00666793002851 
0.00370459111068 0.00370435051582 0.00370592880436 0.966658738451 0.00370448247108 0.00370441368762 0.00370408436286 0.00370430659977 0.00370484084095 0.00370426315635 
0.00384661741228 0.00384642293004 0.00384668979887 0.00384677065094 0.00384682914056 0.00384675427217 0.96538020622 0.0038467553332 0.00384657081335 0.00384638342862 
0.561137346577 0.00526349794811 0.00526427336016 0.00526411655255 0.39675190699 0.00526417441452 0.00526366106173 0.00526339066826 0.00526332227758 0.00526431015041 
0.00476300646204 0.957136944216 0.00476212555599 0.0047625070444 0.00476306717903 0.00476234341714 0.00476286002321 0.00476261370099 0.00476227956121 0.00476225284002 
0.00344878051709 0.0034488031326 0.00344857308425 0.0034487082981 0.00344870556197 0.00344899848829 0.968960892748 0.00344859747596 0.00344916324077 0.00344877745335 
0.00416736098686 0.00416694332368 0.00416768211805 0.962491789559 0.00416815569836 0.00416861802036 0.00416730151452 0.00416767914949 0.00416705731648 0.00416741231331 
0.00476314828299 0.240913323599 0.00476248481558 0.37153829495 0.354207922534 0.00476233224971 0.00476282411248 0.00476267931862 0.00476454145659 0.00476244868147 
0.0045464164735 0.959082223963 0.00454674487473 0.00454701466257 0.00454670836576 0.00454579471739 0.00454658031907 0.00454605095948 0.00454600657625 0.00454645908844 
0.00357181740951 0.00357194361585 0.00357163582713 0.967852801283 0.00357169434462 0.0035716155317 0.00357220876847 0.00357172925709 0.00357201812341 0.00357253583926 
0.00526429623319 0.0052637865896 0.00526390276355 0.505227693138 0.00526407998909 0.00526384356806 0.00526408053928 0.0052639055703 0.452659993055 0.00526441855355 
0.00370482936225 0.00370435248203 0.00370393855405 0.00370426668279 0.00370386480788 0.00370385296555 0.0037037228409 0.966663590858 0.0037037688257 0.00370381262125 
0.00714346675287 0.00714366718639 0.00714347902848 0.00714440531571 0.935706019151 0.00714382991617 0.00714471607278 0.00714347399229 0.00714331916174 0.00714362342296 
0.00526385824311 0.00526377703094 0.00526481906584 0.952619269996 0.00526423535321 0.00526420563111 0.00526441172841 0.00526445744698 0.00526655102554 0.00526441447889 
0.00500037053604 0.00500071801809 0.00500029654664 0.954996697018 0.00500047730821 0.00500025856631 0.00500053693443 0.00500008169838 0.00500015937458 0.00500040399886 
0.00625135501418 0.00625080577143 0.00625095628442 0.00625141633371 0.0062515531092 0.00625243006813 0.00625172660881 0.00625118780744 0.943737782453 0.00625078654951 
0.00769478183275 0.00769292126598 0.00769388963153 0.00769334837231 0.00769409715023 0.00769318073352 0.00769540989069 0.930755984907 0.00769302811912 0.00769335809735 
0.00500077360443 0.00500071159932 0.00500095911658 0.00500063996191 0.0050013224215 0.00500187917371 0.954991847228 0.00500036882852 0.00500055099101 0.00500094707551 
0.00400074762848 0.00400045633923 0.00400060258179 0.00400075931908 0.00400083520511 0.963994127751 0.00400049360704 0.00400053509084 0.00400066538464 0.00400077709236 
0.00588379557103 0.00588280585028 0.00588300696705 0.00588429611232 0.579016303791 0.00588361091209 0.373916894183 0.00588280929936 0.00588275870073 0.00588371861248 
0.00384741660407 0.00384641643075 0.00384684814377 0.00384735331515 0.965378437515 0.00384670630932 0.00384671322664 0.00384666741397 0.00384626525761 0.00384717578402 
0.00476247692798 0.00476237937715 0.00476248463161 0.00476325257656 0.24355320369 0.00476312550026 0.718346352237 0.00476235023303 0.00476202696366 0.00476234786201 
0.00625094880797 0.00625099939215 0.00625165374552 0.00625113320314 0.843923638024 0.106068753704 0.00625096538613 0.00625052370489 0.00625025538031 0.00625112865215 
0.00500072564051 0.00500107791883 0.00500124853276 0.00500059275686 0.00500111336583 0.00500158292705 0.712007754439 0.00500079215673 0.247984381328 0.0050007309345 
0.00384648148973 0.0038472854814 0.00384654049377 0.00384649015417 0.00384770409532 0.00384655900764 0.00384692688714 0.965378754032 0.00384653753831 0.00384672082078 
0.0111115191493 0.0111153867768 0.0111118545328 0.0111119493696 0.0111120760508 0.0111113564761 0.0111127464393 0.0111114464179 0.0111123952924 0.899989269495 
0.00434926412949 0.00434806921693 0.00434974553256 0.0043483993005 0.00434837512397 0.00434810466671 0.00434831250564 0.00434801182188 0.664497875161 0.300713842541 
0.966661713464 0.00370413147711 0.00370392571385 0.00370465152124 0.00370470899963 0.00370407990904 0.0037040109178 0.00370415947724 0.00370415095462 0.00370446756559 
0.00370444275823 0.00370549107728 0.0037048828454 0.00370482217944 0.00370477586529 0.00370451534707 0.966657115051 0.00370402762861 0.00370535006195 0.00370457718553 
0.00400061743271 0.00400081327324 0.261858508068 0.0040006636223 0.00400081686352 0.00400044249486 0.00400146628471 0.00400024282523 0.00400120088851 0.706135228247 
0.00333390980336 0.00333364423352 0.340232210347 0.00333411091107 0.63309702873 0.00333414415979 0.00333394769465 0.0033335386311 0.00333347545352 0.00333399003649 
0.00500097965646 0.00500079578892 0.00500146116556 0.954991765208 0.00500057762055 0.00500095048424 0.00500124571774 0.0050006473127 0.00500065623057 0.00500092081515 
0.568971007742 0.00434816184618 0.00434921380919 0.00434889146103 0.396238722974 0.0043487439797 0.00434861469341 0.00434936466824 0.00434866469416 0.0043486141315 
0.569050966995 0.00434816188864 0.00434921395406 0.00434889145436 0.396158763217 0.00434874397487 0.00434861479559 0.00434936489431 0.00434866461476 0.00434861421218 
0.00454591955222 0.410778324404 0.00454599137295 0.0744731945312 0.0045470341548 0.482924011421 0.00454646878204 0.00454598475926 0.0045463461401 0.00454672488252 
0.00434836854696 0.00434873804684 0.00434857581178 0.330722642397 0.00434892918852 0.0043481851784 0.406648769895 0.0043491597528 0.00434824445593 0.232188386727 
0.00357191557075 0.00357168571049 0.00357180543971 0.839443530188 0.00357191212568 0.00357213470741 0.00357186433135 0.00357243253526 0.00357213708804 0.131980582303 
0.0041673775447 0.00416751120002 0.004166860081 0.00416732645858 0.962492483016 0.00416733572897 0.00416746313957 0.00416932298592 0.00416702985096 0.00416728999463 
0.00476296947563 0.00476248401411 0.812635298308 0.00476397270406 0.00476310351199 0.00476377291481 0.00476293938001 0.149259441623 0.00476277749898 0.00476324056873 
0.00384626527113 0.00384629267021 0.426396223671 0.00384638114238 0.00384642458011 0.00384626368211 0.00384662578827 0.00384643768359 0.542832251448 0.00384683406254 
0.00384626222775 0.00384633079922 0.442931702808 0.00384636708958 0.00384641176325 0.00384630782001 0.00384662329836 0.00384640196432 0.5262967713 0.00384682093013 
0.00769481837101 0.00769383219428 0.00769440084995 0.00769289282065 0.00769322035644 0.00769410986337 0.00769346172225 0.930755404103 0.00769457811898 0.00769328160011 
0.0037041453861 0.00370473350853 0.158999241269 0.811364536887 0.0037044663601 0.00370469911455 0.00370476594434 0.00370410546451 0.00370421843484 0.00370508763124 
0.00416736466458 0.00416725859903 0.00416745767262 0.00416783373485 0.00416717273407 0.962492978696 0.00416741447908 0.00416699774779 0.00416791266884 0.00416760900328 
0.959081028044 0.00454717459473 0.00454683649417 0.00454608612111 0.00454629846035 0.00454687853659 0.00454636631614 0.00454613991309 0.00454630055686 0.00454689096334 
0.00526429611979 0.00526378658354 0.00526390282257 0.505313962543 0.00526407995133 0.00526384355595 0.00526408051509 0.00526390550557 0.452573723834 0.00526441856842 
0.00384695420184 0.00384707966634 0.00384643269074 0.519313664748 0.07974081256 0.00384746108751 0.374017810091 0.00384659981833 0.00384663881139 0.00384654632445 
0.00370476342328 0.696993754561 0.0037041624168 0.00370425779318 0.00370462289533 0.00370407817904 0.00370476979856 0.00370459086525 0.273370656612 0.00370434345472 
0.00294177747845 0.00294212468915 0.00294215156157 0.00294213394548 0.973521549788 0.00294255669053 0.0029421884298 0.00294170402283 0.00294155613739 0.00294225725672 
0.00588295104237 0.00588298212338 0.314047067969 0.00588357755498 0.638887056972 0.00588413415313 0.00588314043331 0.00588287782337 0.00588259830308 0.00588361362561 
0.00416867114629 0.00416691137608 0.00416761336293 0.00416719325254 0.962491802498 0.00416750169977 0.00416719018822 0.00416793487484 0.00416749460931 0.00416768699156 
0.00357223265896 0.00357180159581 0.505187371907 0.0035723860296 0.288510649463 0.00357203904223 0.00357204571375 0.181296779048 0.00357168583124 0.00357300870961 
0.00294144254181 0.00294146676688 0.00294167988356 0.00294142546442 0.00294166548036 0.00294166295937 0.466985604714 0.116003674863 0.00294154631933 0.396419831007 
0.00312565972196 0.0031253854993 0.00312550112553 0.00312609599304 0.00312573849223 0.00312546790886 0.00312553250282 0.00312526793813 0.00312551652069 0.971869834297 
0.00476242358119 0.00476264136363 0.00476226763125 0.00476313677083 0.304022989595 0.0047624911667 0.657877056483 0.00476229890606 0.00476240141908 0.00476229308282 
0.00416703944466 0.00416739818172 0.00416704544878 0.00416728929708 0.514799659646 0.451861260748 0.00416918864827 0.00416684981282 0.00416722248142 0.00416704629208 
0.00454619894835 0.00454583248947 0.00454610920364 0.00454688757559 0.00454733825645 0.00454652295291 0.00454604873704 0.004545837533 0.00454643616708 0.959082788136 
0.00416779695306 0.00416744500965 0.00416750207736 0.170691086411 0.241523916041 0.00416722658966 0.558613220106 0.00416716975832 0.00416709418016 0.00416754287332 
0.00370417579595 0.00370403595709 0.00370421496345 0.00370408508447 0.202909666232 0.00370421785508 0.00370408854075 0.00370388421359 0.00370413748424 0.767457493874 
0.00500087181039 0.00500074193683 0.95499140509 0.00500080777491 0.00500161133649 0.00500100910692 0.00500082908703 0.00500057746569 0.00500019695588 0.00500194943603 
0.00555600666906 0.00555625030432 0.787246826646 0.00555576885354 0.00555645557076 0.0055561417778 0.00555640702762 0.168303775973 0.00555579440213 0.00555657277581 
0.00416714198144 0.00416698999052 0.0041679774949 0.00416719784448 0.962494044784 0.00416715188194 0.00416727502872 0.00416727119188 0.00416705405202 0.00416789575028 
0.00370453863563 0.00370444393185 0.00370413121622 0.00370428553332 0.00370457546074 0.00370472721118 0.581371340925 0.0607912443928 0.331906101855 0.00370461083908 
0.00500098782986 0.00500136906318 0.00500068897325 0.00500191323231 0.583723981409 0.00500067562267 0.00500125773723 0.00500075934301 0.00500048449419 0.376267882295 
0.00344886646496 0.00344855733666 0.00344864874113 0.00344961443396 0.00344879237301 0.968960798986 0.00344844270692 0.00344885166951 0.00344882144961 0.00344860583861 
0.00416710424899 0.00416688230496 0.00416710123805 0.00416772009601 0.738178996775 0.228483633299 0.00416732091354 0.00416693161257 0.00416721622856 0.00416709328316 
0.00526511929241 0.00526388199386 0.00526398370408 0.00526468755382 0.506239273877 0.00526471466262 0.451645213271 0.00526407771678 0.00526477430029 0.0052642736277 
0.00370422721435 0.00370480222378 0.00370466992286 0.00370449002266 0.00370458180788 0.00370436330141 0.00370452382245 0.00370465373184 0.966659380143 0.00370430781019 
0.303850386147 0.00333409750747 0.00333354782624 0.669477285084 0.00333396166788 0.00333421579719 0.00333395279185 0.00333435156172 0.00333391113754 0.00333429047938 
0.00476225608382 0.0047624095497 0.00476262528345 0.957139087514 0.00476218090798 0.00476238764458 0.00476217247446 0.00476237230005 0.00476230930549 0.00476219893687 
0.00476225607524 0.00476240961296 0.00476259580521 0.95713911679 0.00476218090207 0.00476238770143 0.00476217246877 0.00476237241991 0.00476230929354 0.00476219893062 
0.547067035003 0.00833493525067 0.00833485896651 0.386252395112 0.00833500294591 0.00833515029025 0.00833606882267 0.00833495112864 0.00833486800636 0.00833473447441 
0.00588314520598 0.00588285796222 0.00588309561803 0.00588307700596 0.457555751455 0.495378355975 0.00588333387716 0.00588371105465 0.00588315792359 0.00588351392226 
0.00344969115518 0.00344905329225 0.00344963338778 0.00344957642185 0.480764466008 0.0034491220352 0.00344953836985 0.0034491412869 0.00344894592902 0.491640832114 
0.968963146702 0.00344855228069 0.00344847380683 0.00344865552405 0.00344872807472 0.0034485099673 0.003448467298 0.00344864497718 0.00344832577598 0.00344849559346 
0.00312539307838 0.00312545660439 0.00312580324602 0.0031255145093 0.00312571131264 0.00312586210517 0.00312597022979 0.34005539676 0.00312526130533 0.634939630849 
0.00476264234626 0.0047625403039 0.00476282411911 0.00476260497637 0.0047627720547 0.00476473290796 0.00476258225722 0.00476299774899 0.00476240135356 0.957133901932 
0.00434866503517 0.00434874806465 0.00434852477207 0.00434847621188 0.00434847413372 0.00434840892075 0.00434843480165 0.00434843910684 0.00434873765116 0.960863091302 
0.00833456079694 0.924982662458 0.00833596101817 0.0083351464709 0.00833464133069 0.00833764975667 0.00833453447799 0.00833463461224 0.00833409674085 0.00833611233789 
0.0047628892668 0.3529077848 0.00476290517844 0.00476353750086 0.00476301937091 0.15040759632 0.00476310601377 0.00476370978719 0.00476274055711 0.463342711205 
0.00454616807695 0.00454619366385 0.208540362951 0.00454585140928 0.00454612474722 0.00454675480639 0.00454611818686 0.00454683036113 0.75508924772 0.00454634807665 
0.00312530993003 0.00312526154218 0.00312548205138 0.971870875959 0.003125437662 0.00312532666522 0.00312620946134 0.00312545933747 0.00312545897508 0.00312517841626 
0.00454632617091 0.00454613566387 0.0045457726505 0.725132328107 0.00454666409319 0.238497913804 0.00454625754094 0.00454589752644 0.00454632945464 0.00454637498876 
0.00357227002178 0.00357239397469 0.116491673843 0.00357208602237 0.471172673306 0.00357241859251 0.387329965257 0.00357215130039 0.00357215535427 0.00357221232832 
0.00400043091989 0.00400093579904 0.963993452912 0.00400105764819 0.0040007232734 0.00400072953004 0.00400114079954 0.00400058581919 0.00400034459946 0.00400059869915 
0.00416713542 0.0041676846866 0.962492875746 0.00416781715776 0.00416745347044 0.00416746027601 0.0041679098527 0.00416730392997 0.00416704151557 0.00416731794447 
0.00666813652447 0.00666736619178 0.939982551287 0.00666942653246 0.00666989558896 0.00667017129168 0.00666777922626 0.00666737970471 0.00666904923681 0.00666824441579 
0.00500092015792 0.00500293424574 0.00500091958066 0.00500056668357 0.00500069244575 0.00500133351914 0.954990247047 0.00500086630551 0.00500060589109 0.00500091412338 
0.00555657566123 0.110828637131 0.00555717223436 0.00555696322141 0.332700229897 0.00555736825993 0.00555694075845 0.00555716859785 0.517571863606 0.00555708063327 
0.0055559936468 0.00555614501957 0.00555662751145 0.00555611334586 0.949991654935 0.0055565956541 0.00555594772547 0.00555669892093 0.00555602366719 0.00555819957313 
0.00454633556225 0.00454576517177 0.207728883498 0.106293153658 0.262633095943 0.00454604918354 0.39606724358 0.00454644162338 0.00454622577603 0.0045468060044 
0.00769286130663 0.00769327346148 0.0076929083475 0.00769370237036 0.930761266679 0.00769378142273 0.0076936580003 0.0076927873718 0.007692717181 0.0076930438592 
0.0111160811877 0.0111134961527 0.0111153074002 0.899972800831 0.0111124969574 0.011115787293 0.0111124543955 0.0111133201835 0.011113826313 0.0111144292858 
0.00526368227058 0.00526364706185 0.0052637205831 0.00526437400619 0.95262596256 0.00526398288128 0.00526407048485 0.00526353328778 0.00526329776226 0.00526372910199 
0.428954265008 0.00384675105651 0.00384679927951 0.00384693948335 0.00384732688218 0.00384697666924 0.540270808108 0.00384684191616 0.00384658127729 0.00384671032001 
0.00833456045098 0.924983745494 0.00833596025383 0.00833514595268 0.00833464096042 0.00833657044864 0.00833453413912 0.00833463424461 0.00833409652753 0.0083361115279 
0.00769264285481 0.930764308557 0.0076925573931 0.0076930393106 0.00769275066686 0.00769261139564 0.00769324534455 0.0076927506384 0.00769271654148 0.00769337729787 
0.0040005524485 0.00400036514745 0.339330109384 0.00400064945112 0.00400072506125 0.628665350272 0.00400057167465 0.00400064866153 0.0040001910426 0.004000836857 
0.00400048438008 0.00400080345616 0.00400039014547 0.420321766947 0.0040002504917 0.0040001107445 0.0040002568623 0.00400031456586 0.00400030981814 0.547675312589 
0.13504112333 0.00526367588251 0.00526378461898 0.00526486386287 0.822847666339 0.0052639408547 0.00526413245998 0.00526349950131 0.00526378658065 0.00526352657018 
0.30829247377 0.647254939825 0.00555608349349 0.00555678483191 0.0055568946821 0.00555687232145 0.00555627636905 0.00555639393894 0.00555638009667 0.00555690067115 
0.00344853326073 0.0034489798732 0.00344881686067 0.00344884677824 0.00344911684174 0.616459560031 0.35594946154 0.0034486919901 0.00344877524745 0.00344921757631 
0.152406789785 0.00476264896827 0.80949093029 0.00476252442489 0.004762838499 0.00476286035748 0.00476298262632 0.00476210962663 0.00476322323679 0.00476309218655 
0.00434839249461 0.00434834924091 0.00434826032523 0.004348237151 0.00434859110306 0.0043492358843 0.00434882140762 0.0043487237865 0.00434845841856 0.960862930188 
0.00333384170907 0.00333412440434 0.00333395566345 0.969994788248 0.00333404693364 0.00333386755854 0.00333422393533 0.00333366790841 0.00333348917287 0.00333399446594 
0.0100025745371 0.0100008764191 0.0100006363597 0.0100016271043 0.909982001223 0.010001339032 0.0100019097401 0.01000305324 0.0100025293464 0.0100034529987 
0.0055567917762 0.00555586900567 0.00555643999987 0.949991725183 0.00555655781176 0.00555655534891 0.00555631265128 0.00555682431834 0.00555662528136 0.00555629862341 
0.00588265885186 0.00588275860293 0.00588280430487 0.00588248390945 0.0058828918807 0.00588352881505 0.00588274133216 0.947053739824 0.0058830496704 0.00588334280878 
0.00454641649315 0.00454580932512 0.00454656299317 0.00454673973522 0.704537690617 0.00454685259117 0.00454601570782 0.00454584671934 0.00454588113361 0.259092184684 
0.00357233238158 0.00357193850017 0.492793678459 0.00357216145849 0.257222303428 0.224979748488 0.00357199200532 0.00357199572153 0.00357188320955 0.00357196634869 
0.00714685917623 0.0071433386502 0.448091689654 0.00714691328372 0.494747820438 0.00714588605766 0.00714405298822 0.0071444852575 0.00714404490654 0.00714490958775 
0.00357232665333 0.00357217722073 0.00357164301957 0.00357204935023 0.00357192930175 0.967851892703 0.00357188932943 0.00357200413952 0.00357219500514 0.00357189327716 
0.952622967114 0.00526404435165 0.00526433925172 0.00526427408796 0.0052637733667 0.00526406254158 0.00526411862306 0.00526366848506 0.00526364097487 0.00526511120336 
0.00238126457599 0.00238116701657 0.734970748625 0.00238119787868 0.245978754082 0.00238148869392 0.00238133289923 0.00238139959021 0.0023812611855 0.00238138545333 
0.00370421427634 0.00370416205271 0.00370434991813 0.00370429760014 0.966661741478 0.00370436351387 0.00370404334138 0.00370399423948 0.00370423007026 0.00370460350993 
0.00434821067587 0.00434813220328 0.106921849321 0.00434825535432 0.438685082798 0.00434825616872 0.00434890448881 0.423954455625 0.00434829181235 0.0043485615522 
0.00476234311111 0.00476391508738 0.00476330823804 0.95713259462 0.00476275921523 0.00476296023091 0.00476276097876 0.00476260327646 0.0047630698501 0.0047636853925 
0.00476291830019 0.00476247998439 0.00476269987239 0.00476280226439 0.00476311124455 0.00476310523773 0.957134940689 0.00476266573813 0.00476239410381 0.00476288256589 
0.947053461247 0.00588287627864 0.00588319756477 0.0058829613959 0.00588293028917 0.00588290190229 0.00588284292366 0.00588279601243 0.0058830766077 0.00588295577848 
0.00370403207941 0.00370414614385 0.00370404645271 0.00370422781115 0.00370422853325 0.00370405342394 0.966662764285 0.0037039651174 0.00370396240058 0.00370457375297 
0.0028571870554 0.00285741584114 0.00285752887645 0.00285728872172 0.00285731906342 0.00285738651315 0.97428312623 0.00285808979588 0.00285744892453 0.00285720897836 
0.00714367422678 0.00714338722858 0.00714362291501 0.00714429725713 0.935705237764 0.00714343814807 0.00714422330262 0.00714416471389 0.00714432619538 0.00714362824805 
0.327886683864 0.00714442015487 0.0071434607236 0.61495939975 0.00714429838293 0.00714522443641 0.00714408255809 0.00714362837036 0.00714473110066 0.00714407065907 
0.00250022809222 0.00250045615412 0.00250048551065 0.00250033201308 0.00250050989136 0.0025010936304 0.977495060236 0.00250048732977 0.00250034892495 0.00250099821737 
0.00909203415578 0.00909172173062 0.00909343494261 0.00909510805947 0.00909164847553 0.00909155132591 0.00909115758528 0.918169217946 0.00909247562651 0.00909165015265 
0.00227294645206 0.00227330222087 0.00227331017544 0.00227339455324 0.00227301990586 0.00227303812657 0.0022730218033 0.00227307696821 0.00227317157192 0.979541718223 
0.00434875474299 0.00434856652052 0.0043483421062 0.00434850008731 0.370186633235 0.00434874368497 0.00434860032062 0.00434831933248 0.00434839011328 0.595025149857 
0.00344868445261 0.00344907901091 0.00344971328448 0.00344879296968 0.825083822913 0.00344920042593 0.147323318918 0.00344880875294 0.00344876229148 0.0034498169817 
0.00357168981755 0.00357184646587 0.00357224764525 0.00357275199806 0.00357252074302 0.00357207084771 0.96785117628 0.00357188866596 0.0035717374892 0.00357207004777 
0.00434909615621 0.00434877156367 0.00434855708747 0.00434883838122 0.00434920417148 0.00434906443645 0.960860011235 0.00434874252491 0.00434895824136 0.00434875620199 
0.00454605879246 0.00454594656177 0.00454612507522 0.959086360517 0.00454604791449 0.00454572034965 0.00454587283189 0.0045457662012 0.00454596652099 0.0045461352352 
0.00500082327514 0.304955623173 0.00500028304496 0.00500072415462 0.356081488747 0.303959106886 0.00500070458935 0.00500031698551 0.00500038521323 0.0050005439317 
0.00303110379668 0.00303122218305 0.972723264822 0.0030305209388 0.0030305286925 0.00303073577041 0.0030307739491 0.00303075111764 0.00303063858522 0.00303046014488 
0.0100010744914 0.0100017421623 0.909987497025 0.010001364819 0.0100016034559 0.0100017434743 0.0100018087901 0.0100013345141 0.0100008539768 0.0100009772916 
0.00434807764206 0.0043493284442 0.00434860069933 0.00434834952887 0.00434948624212 0.00434862631801 0.474565803708 0.00434873631331 0.00434801009072 0.490644981013 
0.00714354098498 0.00714325295029 0.00714433489713 0.00714408313168 0.00714402710925 0.00714354637485 0.00714407880007 0.00714353523743 0.00714429812756 0.935705302387 
0.00303080666173 0.602635092246 0.00303076205829 0.00303067716027 0.00303075115858 0.0030309287171 0.00303095139351 0.00303135766004 0.37311822065 0.00303045229447 
0.00476264183739 0.00476204971459 0.00476292721744 0.0047624265039 0.00476308086398 0.00476227225696 0.957137475006 0.00476238867577 0.00476242193779 0.00476231598589 
0.101966821723 0.00500069124552 0.00500100367172 0.005001677098 0.00500095361481 0.00500119598563 0.0050010161516 0.858024644148 0.00500066913052 0.00500132723073 
0.00400126641954 0.00400026881177 0.00400022847191 0.963994737425 0.00400097288953 0.00400044997757 0.00400033521039 0.00400025505553 0.00400019956264 0.00400128617647 
0.00400058680449 0.00400056519272 0.00400075214955 0.0040005977233 0.161139447153 0.00400094219996 0.0862961708823 0.00400067299828 0.00400049422535 0.724559770671 
0.00666809234254 0.00666727109332 0.00666757724924 0.00666800515205 0.400694010606 0.545965156514 0.00666781131223 0.00666689089344 0.00666734224722 0.00666784259029 
0.00256447424514 0.00256449794652 0.0025655019566 0.246392283236 0.00256477994252 0.00256451169496 0.733090226972 0.0025647187847 0.0025645151656 0.00256449005647 
0.00256445854242 0.00256463393242 0.00256456050883 0.0025644721726 0.00256465244474 0.976918748335 0.00256464647016 0.00256478602102 0.00256439298037 0.00256464859245 
0.00322618033657 0.00322604109914 0.00322592610273 0.00322598232284 0.00322613769812 0.0032259064408 0.00322616817936 0.003226118712 0.970965501597 0.00322603751109 
0.0765838802717 0.00344885490234 0.00344840486625 0.00344945418056 0.00344947526997 0.0034491295821 0.895825078863 0.0034485214644 0.00344861678629 0.00344858381382 
0.00769419742627 0.00769262809473 0.00769282820271 0.00769402967091 0.00769321753863 0.00769301559595 0.00769403461472 0.00769331610196 0.93075926172 0.00769347103367 
0.00416717505553 0.00416700535986 0.00416746423815 0.00416723034512 0.00416715565811 0.457434593626 0.00416710921139 0.00416705518341 0.00416693334167 0.509228277981 
0.00476344113122 0.00476282190568 0.575073378331 0.00476364479357 0.00476344763622 0.00476248268497 0.386823412015 0.00476250997119 0.00476238374058 0.00476247779046 
0.00625273017411 0.00625151680085 0.00625122658593 0.00625344785635 0.00625264730832 0.00625115704668 0.00625210405569 0.00625032344664 0.943733301712 0.00625154501304 
0.00400040122954 0.00400035721314 0.00400057504961 0.00400004025766 0.00400035277304 0.00400058469171 0.0040001801258 0.963996703139 0.00400053834035 0.00400026718009 
0.00555623687257 0.00555781544297 0.949988279816 0.00555619523521 0.00555714250696 0.00555669057226 0.00555926118948 0.0055559839158 0.00555604806904 0.00555634638015 
0.0055566026633 0.00555694820149 0.640754814736 0.00555743056389 0.0055568143987 0.31479022257 0.00555651077735 0.00555719209544 0.0055569168474 0.00555654714652 
0.00500105627148 0.00500038180942 0.00500032308981 0.00500082417357 0.00500043701335 0.00500085503661 0.0050004525212 0.207333810387 0.00500050523915 0.752661354459 
0.00384717186854 0.00384682317665 0.00384668045267 0.00384667618383 0.0038472153176 0.965376603752 0.00384670092841 0.00384722796913 0.00384737301515 0.00384752733624 
0.00434838442229 0.00434827456366 0.00434844667017 0.960865278345 0.00434837794913 0.00434806855502 0.00434832053017 0.00434811038068 0.00434831940262 0.00434841918171 
0.0090916088786 0.00909342306751 0.00909155437061 0.00909324087923 0.918169777127 0.00909234268196 0.00909178916436 0.00909222389253 0.00909201196214 0.00909202797579 
0.00434790526577 0.00434786329219 0.00434795876858 0.00434784336042 0.00434791630479 0.00434794625642 0.00434792048484 0.00434792392518 0.960868836093 0.00434788624874 
0.00400050156792 0.00400070083969 0.00400031431611 0.00400067797871 0.963993742597 0.00400101232639 0.00400064019134 0.00400033840792 0.00400057975487 0.00400149202032 
0.00416807006977 0.00416708804329 0.00416709381039 0.00416772215356 0.00416810689039 0.962490926092 0.00416784906516 0.00416819378343 0.00416758073041 0.00416736936194 
0.00476340169987 0.00476302070319 0.00476254621465 0.552391826517 0.00476301041062 0.00476245234644 0.00476241353547 0.00476244836844 0.00476243037572 0.409506449828 
0.00370432154347 0.966660674242 0.00370458131235 0.00370430442878 0.00370435549377 0.00370416891897 0.00370431414574 0.0037042293116 0.00370428793051 0.00370476267298 
0.00357164279724 0.00357191236705 0.00357197302112 0.00357181780164 0.391809009399 0.579614795635 0.00357207739121 0.00357199280852 0.0035722263962 0.00357255238211 
0.00555581155804 0.00555604044339 0.0055557450373 0.00555621146381 0.00555657168031 0.0055570972614 0.00555600739024 0.00555559007381 0.949994688534 0.00555623655776 
0.00454626225368 0.00454566505565 0.00454595450089 0.901451349777 0.0621816166916 0.00454590235312 0.00454595147717 0.00454564706221 0.00454578417356 0.00454586665464 
0.00454672705464 0.959078243102 0.00454686480856 0.00454695152371 0.00454668556468 0.00454702231766 0.0045469817112 0.00454637503756 0.00454754033674 0.00454660854286 
0.00454720021692 0.959083385009 0.00454646888032 0.0045459754164 0.00454605392633 0.00454607739059 0.00454589925528 0.00454605501078 0.00454628546582 0.00454659942864 
